           9           10
  0.00628319  1.35601e-05      0.00628321  1.35601e-05
  0.00644026   1.4923e-05       0.0064403   1.4923e-05
  0.00660127  1.64216e-05      0.00660131  1.64217e-05
   0.0067663  1.80694e-05      0.00676634  1.80695e-05
  0.00693546   1.9881e-05      0.00693551  1.98811e-05
  0.00710885  2.18725e-05       0.0071089  2.18725e-05
  0.00728657  2.40614e-05      0.00728663  2.40615e-05
  0.00746873  2.64671e-05       0.0074688  2.64672e-05
  0.00765545  2.91108e-05      0.00765553  2.91109e-05
  0.00784684  3.20157e-05      0.00784692  3.20158e-05
  0.00804301  3.52072e-05       0.0080431  3.52073e-05
  0.00824408   3.8713e-05      0.00824419  3.87133e-05
  0.00845019  4.25638e-05      0.00845031  4.25641e-05
  0.00866144  4.67929e-05      0.00866158  4.67932e-05
  0.00887798  5.14369e-05      0.00887813  5.14372e-05
  0.00909993  5.65356e-05       0.0091001  5.65361e-05
  0.00932742  6.21329e-05      0.00932762  6.21335e-05
  0.00956061  6.82767e-05      0.00956083  6.82773e-05
  0.00979962  7.50192e-05      0.00979987    7.502e-05
   0.0100446  8.24177e-05       0.0100449  8.24186e-05
   0.0102957  9.05347e-05        0.010296  9.05358e-05
   0.0105531  9.94386e-05       0.0105535    9.944e-05
    0.010817  0.000109204       0.0108173  0.000109206
   0.0110874  0.000119912       0.0110878  0.000119914
   0.0113646  0.000131653       0.0113651  0.000131655
   0.0116487  0.000144523       0.0116492  0.000144526
   0.0119399  0.000158628       0.0119405  0.000158631
   0.0122384  0.000174083       0.0122391  0.000174088
   0.0125443  0.000191016       0.0125451  0.000191021
    0.012858  0.000209563       0.0128589  0.000209569
   0.0131794  0.000229874       0.0131804  0.000229882
   0.0135089  0.000252112         0.01351  0.000252121
   0.0138466  0.000276455       0.0138479  0.000276466
   0.0141928  0.000303095       0.0141942  0.000303109
   0.0145476  0.000332244       0.0145492   0.00033226
   0.0149113  0.000364129       0.0149131  0.000364148
   0.0152841  0.000398999       0.0152861  0.000399022
   0.0156662  0.000437124       0.0156685  0.000437151
   0.0160578  0.000478796       0.0160604  0.000478829
   0.0164593  0.000524334       0.0164621  0.000524374
   0.0168708  0.000574083        0.016874  0.000574131
   0.0172925  0.000628416       0.0172961  0.000628474
   0.0177248  0.000687739       0.0177289  0.000687808
    0.018168  0.000752491       0.0181725  0.000752574
   0.0186222  0.000823146       0.0186273  0.000823245
   0.0190877  0.000900218       0.0190934  0.000900337
   0.0195649  0.000984263       0.0195713  0.000984406
    0.020054   0.00107588       0.0200612   0.00107605
   0.0205554   0.00117572       0.0205634   0.00117592
   0.0210693   0.00128447       0.0210783   0.00128472
    0.021596   0.00140291       0.0216061    0.0014032
   0.0221359   0.00153182       0.0221472   0.00153217
   0.0226893    0.0016721       0.0227019   0.00167252
   0.0232565   0.00182469       0.0232707   0.00182519
   0.0238379   0.00199059       0.0238537   0.00199119
   0.0244339   0.00217091       0.0244516   0.00217162
   0.0250447   0.00236681       0.0250645   0.00236766
   0.0256708   0.00257957       0.0256929   0.00258058
   0.0263126   0.00281053       0.0263373   0.00281173
   0.0269704   0.00306116       0.0269979   0.00306259
   0.0276447   0.00333301       0.0276754   0.00333472
   0.0283358   0.00362779       0.0283701   0.00362981
   0.0290442   0.00394728       0.0290824   0.00394968
   0.0297703   0.00429343       0.0298129   0.00429628
   0.0305146   0.00466831        0.030562   0.00467171
   0.0312774   0.00507417       0.0313303    0.0050782
   0.0320594    0.0055134       0.0321182   0.00551817
   0.0328609   0.00598855       0.0329264    0.0059942
   0.0336824    0.0065024       0.0337553   0.00650908
   0.0345244   0.00705787       0.0346056   0.00706578
   0.0353875   0.00765813       0.0354778   0.00766749
   0.0362722   0.00830656       0.0363725   0.00831762
    0.037179   0.00900678       0.0372905   0.00901984
   0.0381085   0.00976264       0.0382323   0.00977806
   0.0390612    0.0105783       0.0391987    0.0105965
   0.0400378    0.0114581       0.0401904    0.0114795
   0.0410387    0.0124068       0.0412081    0.0124321
   0.0420647    0.0134293       0.0422525    0.0134592
   0.0431163    0.0145312       0.0433246    0.0145663
   0.0441942    0.0157179       0.0444251    0.0157592
   0.0452991    0.0169955        0.045555    0.0170441
   0.0464315    0.0183706        0.046715    0.0184277
   0.0475923    0.0198498       0.0479062    0.0199169
   0.0487821    0.0214404       0.0491296    0.0215193
   0.0500017    0.0231502       0.0503861    0.0232427
   0.0512517    0.0249872       0.0516769    0.0250957
    0.052533      0.02696       0.0530031    0.0270872
   0.0538463    0.0290778       0.0543659    0.0292268
   0.0551925    0.0313501       0.0557665    0.0315246
   0.0565723    0.0337872       0.0572062    0.0339913
   0.0579866    0.0363997       0.0586863    0.0366384
   0.0594363    0.0391991       0.0602083     0.039478
   0.0609222    0.0421972       0.0617738    0.0425229
   0.0624452    0.0454066       0.0633841    0.0457866
   0.0640064    0.0488405        0.065041    0.0492836
   0.0656065    0.0525128       0.0667463    0.0530291
   0.0672467    0.0564382       0.0685017    0.0570393
   0.0689279    0.0606319       0.0703091    0.0613313
   0.0706511    0.0651101       0.0721707    0.0659232
   0.0724173    0.0698897       0.0740884    0.0708342
   0.0742278    0.0749883       0.0760645    0.0760846
   0.0760835    0.0804243       0.0781014     0.081696
   0.0779855    0.0862172       0.0802015    0.0876911
   0.0799352    0.0923871       0.0823676     0.094094
   0.0819336    0.0989551       0.0846022     0.100931
   0.0839819     0.105943       0.0869085     0.108228
   0.0860815     0.113374       0.0892893     0.116014
   0.0882335     0.121272       0.0917481     0.124321
   0.0904393     0.129662       0.0942881      0.13318
   0.0927003     0.138569       0.0969131     0.142627
   0.0950178     0.148021        0.099627     0.152697
   0.0973933     0.158044        0.102434     0.163431
   0.0998281     0.168669        0.105337      0.17487
    0.102324     0.179924        0.108343     0.187059
    0.104882     0.191841        0.111455     0.200045
    0.107504     0.204452        0.114679     0.213881
    0.110192     0.217789         0.11802      0.22862
    0.112946     0.231888        0.121483     0.244324
     0.11577     0.246782        0.125076     0.261055
    0.118664     0.262508        0.128804     0.278883
    0.121631     0.279103        0.132675     0.297884
    0.124672     0.296606        0.136696     0.318139
    0.127788     0.315056        0.140874     0.339738
    0.130983     0.334494        0.145219      0.36278
    0.134258     0.354959         0.14974     0.387372
    0.137614     0.376496        0.154446     0.413634
    0.141054     0.399148        0.159347     0.441698
    0.144581     0.422958        0.164457     0.471712
    0.148195     0.447972        0.169786     0.503842
      0.1519     0.474236        0.175349     0.538275
    0.155698     0.501797         0.18116      0.57522
     0.15959     0.530704        0.187236     0.614919
     0.16358     0.561004        0.193595     0.657643
    0.167669     0.592748        0.200256     0.703709
    0.171861     0.625986        0.207242      0.75348
    0.176158     0.660768        0.214578     0.807375
    0.180562     0.697146         0.22229     0.865885
    0.185076     0.735173        0.230411     0.929584
    0.189703     0.774901        0.238976     0.999146
    0.194445     0.816383        0.248025      1.07537
    0.199306     0.859674        0.257603      1.15919
    0.204289     0.904827        0.267763      1.25173
    0.209396     0.951897        0.278563      1.35431
    0.214631      1.00094        0.290072      1.46854
    0.219997      1.05201        0.302368      1.59632
    0.225497      1.10516        0.315539      1.73992
    0.231134      1.16045        0.329686      1.90208
    0.236913      1.21793        0.344925      2.08611
    0.242835      1.27765        0.361387      2.29595
    0.248906      1.33968        0.379217      2.53635
    0.255129      1.40407        0.398581      2.81303
    0.261507      1.47087        0.419661      3.13282
    0.268045      1.54014         0.44266      3.50391
    0.274746      1.61194        0.467798      3.93608
    0.281615       1.6863        0.495313      4.44094
    0.288655       1.7633        0.525459      5.03226
    0.295871      1.84298        0.558506      5.72627
    0.303268       1.9254        0.594732      6.54195
     0.31085       2.0106        0.634425      7.50137
    0.318621      2.09864        0.677875      8.62998
    0.326587      2.18957        0.725369      9.95677
    0.334751      2.28343        0.777188      11.5145
     0.34312      2.38029        0.833598      13.3394
    0.351698      2.48018        0.894844      15.4715
     0.36049      2.58315        0.961146      17.9534
    0.369503      2.68926         1.03269      20.8303
     0.37874      2.79853         1.10963      24.1484
    0.388209      2.91103         1.19207      27.9539
    0.397914      3.02679         1.28007      32.2912
    0.407862      3.14586         1.37364      37.2012
    0.418058      3.26827         1.47275      42.7195
     0.42851      3.39407         1.57732      48.8746
    0.439223       3.5233         1.68725      55.6869
    0.450203      3.65599         1.80238      63.1671
    0.461458      3.79219         1.92255      71.3165
    0.472995      3.93193          2.0476      80.1269
     0.48482      4.07524         2.17735      89.5819
     0.49694      4.22216         2.31164      99.6582
    0.509364      4.37273         2.45036      110.328
    0.522098      4.52697         2.59339       121.56
     0.53515      4.68492          2.7407      133.325
    0.548529      4.84661         2.89225      145.591
    0.562242      5.01206         3.04808      158.333
    0.576298      5.18132         3.20826       171.53
    0.590706      5.35439          3.3729      185.165
    0.605473      5.53132         3.54216      199.226
     0.62061      5.71213         3.71623       213.71
    0.636125      5.89684         3.89533      228.617
    0.652028      6.08549         4.07969      243.953
    0.668329      6.27808         4.26959      259.728
    0.685037      6.47466         4.46531      275.956
    0.702163      6.67524         4.66714      292.656
    0.719717      6.87984         4.87541      309.847
     0.73771      7.08849         5.09043      327.554
    0.756153      7.30121         5.31255        345.8
    0.775057      7.51802         5.54209      364.611
    0.794433      7.73894          5.7794      384.014
    0.814294      7.96399         6.02485      404.037
    0.834652       8.1932         6.27879      424.708
    0.855518      8.42658         6.54158      446.055
    0.876906      8.66416          6.8136      468.107
    0.898828      8.90596         7.09523      490.892
    0.921299      9.15199         7.38686      514.438
    0.944332      9.40228         7.68887      538.776
     0.96794      9.65685         8.00167      563.932
    0.992138      9.91571         8.32566      589.935
     1.01694      10.1789         8.66128      616.814
     1.04237      10.4464         9.00894      644.597
     1.06842      10.7183         9.36909      673.312
     1.09514      10.9946         9.74218      702.987
     1.12251      11.2752         10.1287       733.65
     1.15058      11.5603          10.529       765.33
     1.17934      11.8498         10.9437      798.053
     1.20882      12.1438         11.3733       831.85
     1.23904      12.4423         11.8182      866.746
     1.27002      12.7453          12.279      902.772
     1.30177      13.0528         12.7563      939.955
     1.33432      13.3649         13.2506      978.323
     1.36767      13.6816         13.7624      1017.91
     1.40187      14.0028         14.2924      1058.73
     1.43691      14.3287         14.8412      1100.83
     1.47284      14.6593         15.4094      1144.23
     1.50966      14.9945         15.9976      1188.95
      1.5474      15.3344         16.6066      1235.04
     1.58608       15.679         17.2369      1282.52
     1.62573      16.0283         17.8894      1331.41
     1.66638      16.3825         18.5647      1381.76
     1.70804      16.7414         19.2637      1433.58
     1.75074      17.1051          19.987      1486.91
     1.79451      17.4737         20.7354      1541.78
     1.83937      17.8472         21.5099      1598.23
     1.88535      18.2255         22.3113      1656.27
     1.93249      18.6087         23.1403      1715.95
      1.9808      18.9969          23.998      1777.29
     2.03032      19.3901         24.8852      1840.33
     2.08108      19.7882          25.803       1905.1
      2.1331      20.1914         26.7523      1971.63
     2.18643      20.5995         27.7341      2039.95
     2.24109      21.0128         28.7494       2110.1
     2.29712      21.4311         29.7995       2182.1
     2.35455      21.8545         30.8853         2256
     2.41341      22.2831          32.008      2331.82
     2.47375      22.7168         33.1688       2409.6
     2.53559      23.1556          34.369      2489.37
     2.59898      23.5997         35.6098      2571.17
     2.66396      24.0489         36.8925      2655.02
     2.73055      24.5034         38.2184      2740.98
     2.79882      24.9632         39.5889      2829.06
     2.86879      25.4282         41.0054       2919.3
     2.94051      25.8985         42.4694      3011.75
     3.01402      26.3741         43.9825      3106.42
     3.08937      26.8551         45.5461      3203.37
     3.16661      27.3413         47.1618      3302.62
     3.24577       27.833         48.8314      3404.22
     3.32691        28.33         50.5565      3508.19
     3.41009      28.8324         52.3389      3614.57
     3.49534      29.3401         54.1804      3723.41
     3.58272      29.8533         56.0828      3834.73
     3.67229       30.372          58.048      3948.58
      3.7641       30.896         60.0781      4064.99
      3.8582      31.4255         62.1751      4183.99
     3.95466      31.9604         64.3411      4305.64
     4.05352      32.5008         66.5782      4429.96
     4.15486      33.0467         68.8886      4556.99
     4.25873      33.5981         71.2748      4686.77
      4.3652      34.1549          73.739      4819.35
     4.47433      34.7172         76.2836      4954.75
     4.58619       35.285         78.9112      5093.02
     4.70084      35.8583         81.6245       5234.2
     4.81836      36.4371         84.4259      5378.33
     4.93882      37.0214         87.3183      5525.44
     5.06229      37.6112         90.3046      5675.58
     5.18885      38.2064         93.3875      5828.79
     5.31857      38.8072         96.5702      5985.11
     5.45154      39.4134         99.8557      6144.57
     5.58783      40.0252         103.247      6307.22
     5.72752      40.6424         106.748      6473.11
     5.87071      41.2651         110.362      6642.26
     6.01748      41.8933         114.091      6814.73
     6.16791       42.527         117.941      6990.56
     6.32211      43.1661         121.913      7169.78
     6.48016      43.8106         126.013      7352.44
     6.64217      44.4606         130.244      7538.58
     6.80822       45.116         134.611      7728.25
     6.97843      45.7769         139.116      7921.48
     7.15289      46.4432         143.766      8118.33
     7.33171      47.1148         148.563      8318.82
       7.515      47.7919         153.513      8523.01
     7.70288      48.4743          158.62      8730.94
     7.89545      49.1621         163.889      8942.65
     8.09284      49.8552         169.324      9158.18
     8.29516      50.5536         174.932      9377.58
     8.50254      51.2574         180.718       9600.9
      8.7151      51.9664         186.686      9828.17
     8.93298      52.6808         192.842      10059.4
      9.1563      53.4003         199.192      10294.7
     9.38521      54.1252         205.743      10534.1
     9.61984      54.8552         212.499      10777.7
     9.86034      55.5905         219.467      11025.4
     10.1068       56.331         226.654      11277.3
     10.3595      57.0766         234.066      11533.5
     10.6185      57.8273         241.711        11794
      10.884      58.5832         249.594      12058.8
     11.1561      59.3442         257.724      12328.1
      11.435      60.1103         266.107      12601.7
     11.7208      60.8814         274.752      12879.9
     12.0139      61.6576         283.666      13162.6
     12.3142      62.4388         292.857      13449.8
     12.6221       63.225         302.335      13741.7
     12.9376      64.0161         312.106      14038.2
     13.2611      64.8122          322.18      14339.5
     13.5926      65.6132         332.567      14645.4
     13.9324      66.4191         343.275      14956.2
     14.2807      67.2299         354.315      15271.8
     14.6377      68.0456         365.695      15592.2
     15.0037      68.8661         377.427      15917.6
     15.3788      69.6913          389.52        16248
     15.7632      70.5214         401.986      16583.3
     16.1573      71.3562         414.836      16923.7
     16.5612      72.1958          428.08      17269.2
     16.9753        73.04         441.732      17619.8
     17.3997      73.8889         455.802      17975.6
     17.8346      74.7425         470.304      18336.6
     18.2805      75.6008          485.25      18702.8
     18.7375      76.4636         500.653      19074.4
      19.206       77.331         516.527      19451.3
     19.6861       78.203         532.886      19833.5
     20.1783      79.0795         549.744      20221.2
     20.6827      79.9605         567.115      20614.4
     21.1998      80.8459         585.016        21013
     21.7298      81.7359         603.462      21417.2
      22.273      82.6303         622.469        21827
     22.8299      83.5291         642.052      22242.4
     23.4006      84.4322         662.231      22663.5
     23.9856      85.3397          683.02      23090.3
     24.5853      86.2516          704.44      23522.8
     25.1999      87.1678         726.508      23961.1
     25.8299      88.0882         749.243      24405.3
     26.4756       89.013         772.666      24855.2
     27.1375      89.9419         796.795      25311.1
      27.816      90.8751         821.652        25773
     28.5114      91.8125         847.258      26240.7
     29.2241       92.754         873.635      26714.6
     29.9547      93.6997         900.805      27194.4
     30.7036      94.6495         928.793      27680.4
     31.4712      95.6034          957.62      28172.4
      32.258      96.5613         987.313      28670.7
     33.0644      97.5233          1017.9      29175.1
     33.8911      98.4894          1049.4      29685.8
     34.7383      99.4594         1081.84      30202.7
     35.6068      100.433         1115.25      30725.9
      36.497      101.411         1149.66      31255.5
     37.4094      102.393          1185.1      31791.5
     38.3446      103.379          1221.6      32333.8
     39.3032      104.369         1259.18      32882.7
     40.2858      105.363         1297.89        33438
      41.293       106.36         1337.74      33999.8
     42.3253      107.361         1378.78      34568.1
     43.3834      108.366         1421.04      35143.1
      44.468      109.375         1464.56      35724.7
     45.5797      110.388         1509.37      36312.9
     46.7192      111.404         1555.51      36907.8
     47.8872      112.424         1603.01      37509.4
     49.0843      113.448         1651.92      38117.8
     50.3115      114.476         1702.28      38732.9
     51.5692      115.507         1754.13      39354.9
     52.8585      116.542          1807.5      39983.7
     54.1799       117.58         1862.46      40619.4
     55.5344      118.622         1919.03      41262.1
     56.9228      119.668         1977.28      41911.6
     58.3459      120.717         2037.24      42568.2
     59.8045       121.77         2098.96      43231.7
     61.2996      122.826          2162.5      43902.3
     62.8321      123.886         2227.91      44579.9
     64.4029      124.949         2295.24      45264.7
      66.013      126.016         2364.55      45956.5
     67.6633      127.086         2435.89      46655.6
     69.3549      128.159         2509.32      47361.8
     71.0888      129.236          2584.9      48075.2
      72.866      130.317          2662.7      48795.9
     74.6876      131.401         2742.77      49523.9
     76.5548      132.488         2825.19      50259.2
     78.4687      133.578         2910.01      51001.8
     80.4304      134.672         2997.31      51751.7
     82.4412      135.769         3087.16      52509.1
     84.5022       136.87         3179.62      53273.9
     86.6148      137.974         3274.79      54046.2
     88.7801      139.081         3372.72      54825.9
     90.9996      140.191         3473.51      55613.1
     93.2746      141.304         3577.22      56407.9
     95.6065      142.421         3683.96      57210.2
     97.9967      143.541         3793.79      58020.1
     100.447      144.664         3906.81      58837.7
     102.958       145.79         4023.12      59662.9
     105.532      146.919          4142.8      60495.7
      108.17      148.052         4265.94      61336.3
     110.874      149.188         4392.65      62184.6
     113.646      150.326         4523.04      63040.6
     116.487      151.468         4657.19      63904.4
     119.399      152.613         4795.23      64776.1
     122.384      153.761         4937.25      65655.5
     125.444      154.912         5083.38      66542.8
      128.58      156.066         5233.72        67438
     131.795      157.223         5388.41      68341.1
     135.089      158.383         5547.55      69252.2
     138.467      159.546         5711.28      70171.2
     141.928      160.712         5879.73      71098.2
     145.477      161.881         6053.03      72033.2
     149.113      163.053         6231.31      72976.3
     152.841      164.227         6414.72      73927.4
     156.662      165.405         6603.41      74886.6
     160.579      166.586         6797.51      75853.9
     164.593      167.769         6997.19      76829.4
     168.708      168.956         7202.59        77813
     172.926      170.145         7413.89      78804.8
     177.249      171.337         7631.25      79804.8
      181.68      172.532         7854.83      80813.1
     186.222      173.729         8084.82      81829.6
     190.878       174.93         8321.39      82854.4
      195.65      176.133         8564.73      83887.6
     200.541      177.339         8815.03        84929
     205.555      178.548         9072.48      85978.8
     210.693       179.76         9337.29        87037
     215.961      180.974         9609.66      88103.6
      221.36      182.191          9889.8      89178.6
     226.894      183.411         10177.9      90262.1
     232.566      184.633         10474.3      91354.1
      238.38      185.858         10779.1      92454.5
      244.34      187.086         11092.5      93563.5
     250.448      188.317         11414.9        94681
      256.71       189.55         11746.5      95807.1
     263.127      190.786         12087.5      96941.8
     269.705      192.024         12438.2      98085.1
     276.448      193.265         12798.9        99237
     283.359      194.509         13169.8       100398
     290.443      195.755         13551.3       101567
     297.704      197.004         13943.5       102745
     305.147      198.255         14346.9       103932
     312.776      199.509         14761.8       105127
     320.595      200.765         15188.4       106331
      328.61      202.024         15627.1       107544
     336.825      203.286         16078.2       108766
     345.246       204.55         16542.1       109997
     353.877      205.816         17019.1       111236
     362.724      207.085         17509.6       112485
     371.792      208.357         18013.9       113742
     381.087      209.631         18532.5       115008
     390.614      210.907         19065.8       116283
     400.379      212.186         19614.1       117567
     410.389      213.467         20177.9       118861
     420.648      214.751         20757.6       120163
     431.165      216.037         21353.6       121474
     441.944      217.325         21966.5       122794
     452.992      218.616         22596.6       124123
     464.317      219.909         23244.5       125462
     475.925      221.205         23910.6       126809
     487.823      222.502         24595.4       128166
     500.019      223.803         25299.6       129532
     512.519      225.105         26023.5       130907
     525.332       226.41         26767.7       132291
     538.466      227.717         27532.9       133684
     551.927      229.027         28319.6       135087
     565.725      230.338         29128.4       136499
     579.869      231.652         29959.8       137920
     594.365      232.969         30814.6       139350
     609.224      234.287         31693.4       140790
     624.455      235.608         32596.8       142239
     640.066      236.931         33525.6       143698
     656.068      238.256         34480.3       145166
      672.47      239.584         35461.8       146643
     689.281      240.913         36470.8       148130
     706.514      242.245           37508       149626
     724.176      243.579         38574.2       151131
     742.281      244.915         39670.2       152646
     760.838      246.254         40796.9       154171
     779.859      247.594         41955.1       155705
     799.355      248.937         43145.6       157248
     819.339      250.281         44369.3       158802
     839.823      251.628         45627.3       160364
     860.818      252.977         46920.3       161937
     882.339      254.328         48249.4       163519
     904.397      255.681         49615.6       165110
     927.007      257.036         51019.8       166711
     950.182      258.394         52463.2       168322
     973.937      259.753         53946.8       169943
     998.285      261.114         55471.7       171573
     1023.24      262.478         57039.1       173213
     1048.82      263.843         58650.1       174863
     1075.04      265.211         60305.9       176522
     1101.92       266.58         62007.8       178191
     1129.47      267.951           63757       179870
      1157.7      269.325         65554.8       181559
     1186.65        270.7         67402.6       183258
     1216.31      272.077         69301.7       184967
     1246.72      273.457         71253.6       186685
     1277.89      274.838         73259.6       188413
     1309.84      276.221         75321.3       190151
     1342.58      277.606         77440.2       191900
     1376.15      278.993         79617.8       193658
     1410.55      280.382         81855.9       195426
     1445.81      281.773           84156       197204
     1481.96      283.166         86519.8       198992
     1519.01       284.56         88949.1       200790
     1556.98      285.957         91445.6       202597
     1595.91      287.355         94011.3       204416
     1635.81      288.755           96648       206244
      1676.7      290.157         99357.6       208082
     1718.62      291.561          102142       209930
     1761.58      292.967          105004       211788
     1805.62      294.374          107944       213657
     1850.76      295.783          110966       215535
     1897.03      297.194          114072       217424
     1944.46      298.607          117263       219323
     1993.07      300.022          120542       221232
      2042.9      301.438          123912       223152
     2093.97      302.856          127375       225081
     2146.32      304.276          130933       227021
     2199.98      305.698          134590       228971
     2254.98      307.121          138347       230931
     2311.35      308.546          142208       232902
     2369.14      309.973          146175       234883
     2428.36      311.401          150252       236874
     2489.07      312.831          154441       238876
      2551.3      314.263          158745       240888
     2615.08      315.696          163168       242910
     2680.46      317.132          167712       244942
     2747.47      318.568          172382       246985
     2816.16      320.007          177179       249039
     2886.56      321.447          182109       251103
     2958.73      322.888          187174       253177
     3032.69      324.332          192379       255262
     3108.51      325.777          197727       257357
     3186.22      327.223          203221       259463
     3265.88      328.671          208866       261579
     3347.53      330.121          214666       263705
     3431.21      331.572          220626       265843
     3516.99      333.025          226749       267990
     3604.92      334.479          233040       270149
     3695.04      335.935          239503       272318
     3787.42      337.392          246144       274497
      3882.1      338.851          252967       276687
     3979.16      340.312          259977       278888
     4078.64      341.774          267179       281099
      4180.6      343.237          274578       283321
     4285.12      344.702          282180       285553
     4392.24      346.169          289989       287797
     4502.05      347.636          298013       290050
      4614.6      349.106          306256       292315
     4729.97      350.577          314725       294590
     4848.22      352.049          323426       296876
     4969.42      353.523          332364       299173
     5093.66      354.998          341547       301480
        5221      356.474          350980       303799
     5351.52      357.952          360672       306128
     5485.31      359.431          370628       308467
     5622.44      360.912          380856       310818
     5763.01      362.394          391364       313179
     5907.08      363.878          402158       315551
     6054.76      365.363          413247       317934
     6206.13      366.849          424639       320328
