0.571910036181453	5.555564e+03	2.500000e-02	1.030246704610472	8.706412993362520	1139.450413389550476	0.531267740025566	1.0006087332
0.634410036181452	4.877456e+03	6.250000e-02	1.103994832879930	8.058013409277974	1026.167841858593192	0.562024584647453	1.0026305386
0.696910036181452	4.181818e+03	6.250000e-02	1.175246200237251	7.508855419384689	931.867737049117864	0.598787423857177	1.0078217640
0.759410036181452	3.675879e+03	6.250000e-02	1.244117846392661	7.037823771273080	851.092666358617407	0.646314626974523	1.0184520704
0.821910036181452	3.226650e+03	6.250000e-02	1.310465334287608	6.630877168861681	777.006515202594414	0.780862999223679	1.0455695332
0.884410036181452	3.095332e+03	6.250000e-02	1.374181077351394	6.277061345710033	710.405452591301810	0.928796058574584	1.0847618114
0.946910036181452	3.442044e+03	6.250000e-02	1.435360056632308	5.966893048049806	652.994245867035261	1.014456863804224	1.1266203037
1.009410036181451	4.112372e+03	6.250000e-02	1.494189108237356	5.692593290146963	603.658192831735278	1.056330580437057	1.1686378664
1.071910036181451	5.030207e+03	6.250000e-02	1.550882269190682	5.447942696010339	561.124766059188346	1.070568426166735	1.2095490497
1.134410036181451	6.248038e+03	6.250000e-02	1.605640852159472	5.228042831963768	524.119288664950091	1.073521303890391	1.2493189800
1.196910036181451	7.955783e+03	6.250000e-02	1.658652335960251	5.028990996603671	491.773379269569432	1.066019826488041	1.2873087647
1.259410036181451	1.002810e+04	6.250000e-02	1.710086013730247	4.847659076625500	463.322349056061000	1.051967393869522	1.3233005333
1.321910036181450	1.215005e+04	6.250000e-02	1.760093669375942	4.681515804522832	438.157771896409088	1.032910197468693	1.3570956867
1.384410036181450	1.429019e+04	6.250000e-02	1.808815612574067	4.528479481537270	415.842118386439779	1.006064263983119	1.3881583473
1.446910036181450	1.661246e+04	6.250000e-02	1.856367885469392	4.386863281935870	395.821501938084793	0.984314252310813	1.4173853741
1.509410036181450	1.963635e+04	6.250000e-02	1.902853436624741	4.255265491039543	377.804771326219793	0.961267040959335	1.4445346318
1.571910036181450	2.675497e+04	6.250000e-02	1.948371098783132	4.132492473454140	361.603547553829856	0.929868702050544	1.4689210359
1.634410036181450	3.442110e+04	6.250000e-02	1.993007951359599	4.017541446926067	346.932427074779810	0.898703290303357	1.4909461878
1.696910036181450	4.281304e+04	6.250000e-02	2.036829307289129	3.909591571671397	333.455436204081479	0.881302621274932	1.5119566588
1.757946790455918	4.093904e+04	6.103675e-02	2.078879388714591	3.810283874228597	321.197847855686064	0.881273488896309	1.5326596296
1.819730406845343	4.220135e+04	6.178362e-02	2.120795346521296	3.715212156799018	310.355764449950129	0.800162049409563	1.5461902627
1.879978631498029	3.951381e+04	6.024822e-02	2.161056450040730	3.627366397491156	300.084733377525254	0.819504121260097	1.5631214198
1.941659331168446	3.729959e+04	6.168070e-02	2.201755729862809	3.541829897099030	291.141257728392588	0.707172262865501	1.5702324150
2.004159331168446	4.267684e+04	6.250000e-02	2.242493378938831	3.459321973441942	282.441288626309358	0.691687069064298	1.5791703270
2.062422636440152	4.814103e+04	5.826331e-02	2.279962202641277	3.386037623086585	273.998058005409348	0.805503651318665	1.5966177034
2.116827192789431	5.047974e+04	5.440456e-02	2.314535553234847	3.320521232012952	266.913697657407909	0.783089358697219	1.6082203724
2.169558232402159	5.289399e+04	5.273104e-02	2.347723583682875	3.259445221533702	260.877738998348889	0.681740880468384	1.6131097652
2.220706407516655	4.969748e+04	5.114818e-02	2.379634041419000	3.202326839313870	255.240652122725805	0.653119641083473	1.6182612752
2.273118866983023	4.811393e+04	5.241246e-02	2.412112648592343	3.145743361461905	250.331940464148431	0.514162046072028	1.6153013723
2.326027022091786	4.426543e+04	5.290816e-02	2.444678398120654	3.090517594333675	245.350393302197773	0.513059785474425	1.6152514137
2.380818574791117	4.331172e+04	5.479155e-02	2.478208994644095	3.035172183464751	240.742840677699945	0.438604793970615	1.6104910052
2.435834085066994	4.193012e+04	5.501551e-02	2.511665934478405	2.981421200457811	236.000665217216948	0.476767985021474	1.6097809050
2.491374971065837	4.721257e+04	5.554089e-02	2.545255970544637	2.928877926513689	231.686287052800566	0.424863472042235	1.6050323779
2.543370052963291	4.669208e+04	5.199508e-02	2.576470123663953	2.881279238658189	227.013101271032639	0.596125887525742	1.6117648338
2.595336451231002	5.038255e+04	5.196640e-02	2.607512179915226	2.835073169370628	223.441395926717576	0.421077566291017	1.6049907832
2.645064745784109	5.241407e+04	4.972829e-02	2.637045080641390	2.792123264562383	219.579263732120239	0.512180739400880	1.6067323586
2.693546027335387	5.814635e+04	4.848128e-02	2.665700260094433	2.751359501929053	216.290307463466121	0.441641259911051	1.6031375724
2.739327516402023	5.799659e+04	4.578149e-02	2.692620032068518	2.713854862885286	212.988990273768422	0.506675457418228	1.6041291287
2.784938351836330	5.857307e+04	4.561084e-02	2.719350816820252	2.677348261999179	210.380599652266056	0.337837607300058	1.5961428582
2.830100561387599	6.208452e+04	4.516221e-02	2.745735323626282	2.642011636719974	207.720106609980860	0.328177268559539	1.5905442846
2.873755744596095	6.228788e+04	4.365518e-02	2.771149704589500	2.608610528488692	205.057789606270802	0.379621639745248	1.5876192063
2.917139289925496	5.250533e+04	4.338355e-02	2.796343869826698	2.576098100059399	202.813670875407865	0.273301443613104	1.5794746938
2.964178476626010	4.965175e+04	4.703919e-02	2.823658120291205	2.541505229736770	201.066770742658974	0.011257886267828	1.5608526579
3.012315971513241	4.469169e+04	4.813749e-02	2.851565245447457	2.506845938722625	198.628467237966760	0.166493105403810	1.5529087263
3.062805550066122	4.378495e+04	5.048958e-02	2.880819125869752	2.471234938077164	196.600377879396291	0.058062165181268	1.5373125772
3.113555590685003	4.316636e+04	5.075004e-02	2.910174490012689	2.436220073510575	194.183307547472481	0.167639511655809	1.5286145005
3.164409524557191	3.900565e+04	5.085393e-02	2.939541553886428	2.401891014868899	191.930762115352763	0.165394908496282	1.5182764813
3.217639131403048	3.453217e+04	5.322961e-02	2.970277171698034	2.366689174762518	190.070232144620348	0.010763866799554	1.5005819189
3.273918128627808	3.367708e+04	5.627900e-02	3.002791412525095	2.330234647098195	188.179036499757814	-0.052103006968500	1.4817020273
3.330597761772225	3.852303e+04	5.667963e-02	3.035507192412686	2.294342383702865	185.843000006794881	0.085238844172674	1.4705934862
3.383306298113120	3.887872e+04	5.270854e-02	3.065829897619952	2.261759567209892	183.184347349866158	0.325384598046190	1.4691223421
3.435513067856197	4.284286e+04	5.220677e-02	3.095829931566863	2.230151597810412	181.392507333484161	0.116559148168303	1.4551537383
3.485004386353104	4.423226e+04	4.949132e-02	3.124205661508995	2.200813609424800	179.245711782651000	0.241851078963611	1.4499814877
3.533490508427497	4.317216e+04	4.848612e-02	3.151977994398561	2.172610981983754	177.602378409610992	0.109594375712529	1.4382413360
3.582351619707288	4.864105e+04	4.886111e-02	3.179961849392802	2.144691815063584	176.093536251467128	0.013322036008977	1.4247094104
3.628181042831105	4.676071e+04	4.582942e-02	3.206156160766328	2.118999667692363	174.139449785702539	0.241230101842796	1.4214464441
3.674731494713945	4.760225e+04	4.655045e-02	3.232768369457010	2.093324005047613	172.932484892124251	-0.026608896758046	1.4060537511
3.720678345721212	4.550646e+04	4.594685e-02	3.259018645163124	2.068408342751125	171.355970964378770	0.079285553542984	1.3977188817
3.767481687828155	4.180654e+04	4.680334e-02	3.285768515277761	2.043428030155878	170.113397523325091	-0.047554642065059	1.3838560713
3.816113023574972	4.873199e+04	4.863134e-02	3.313596359700407	2.017869080742270	168.956283772247559	-0.144638757129022	1.3678275328
3.860966894350824	4.586735e+04	4.485387e-02	3.339207762128144	1.994722315099914	167.028154175067243	0.268735164100973	1.3676317184
3.907022579850961	4.099396e+04	4.605569e-02	3.365529891126479	1.971300307379797	166.125224994825203	-0.120441438502839	1.3503530545
3.955548096309773	4.242587e+04	4.852552e-02	3.393315236010443	1.946970530140638	165.151260769669278	-0.232447869186833	1.3330377356
4.003052000233903	4.466556e+04	4.750390e-02	3.420510563048047	1.923540160358082	163.636706004049330	0.023112486950768	1.3256979564
4.049165168349562	4.729814e+04	4.611317e-02	3.446903400950894	1.901154699386502	162.340706102152609	0.030777707350052	1.3162447531
4.093804759831928	4.603229e+04	4.463959e-02	3.472443379224728	1.879816575218756	161.076651139229796	0.049555711807467	1.3077000766
4.138887255169219	4.498693e+04	4.508250e-02	3.498262907089334	1.858561596309614	160.160501448464402	-0.137748478799640	1.2936317812
4.184321928984681	4.083581e+04	4.543467e-02	3.524305240586502	1.837438677228717	159.089745558449920	-0.110019939058200	1.2822536095
4.231833506337464	3.928703e+04	4.751158e-02	3.551591953749333	1.815638769944625	158.275569028926128	-0.262494755355009	1.2658489754
4.280086100897868	4.110147e+04	4.825259e-02	3.579339467109829	1.793811565482665	157.189947014359376	-0.164798239721071	1.2537780122
4.327078396214095	3.971163e+04	4.699230e-02	3.606365450873162	1.772874833741220	155.939839098857050	-0.015597847585537	1.2455337119
4.374706478184581	3.650814e+04	4.762808e-02	3.633788740531721	1.751948644801164	155.022819194870664	-0.153805250507965	1.2319939240
4.424192453523053	3.545793e+04	4.948598e-02	3.662333798827769	1.730499334386389	154.148977208604549	-0.237893488491251	1.2170930481
4.474209858400149	3.825479e+04	5.001740e-02	3.691216349372813	1.709134077632468	153.047173350338483	-0.137519275348694	1.2059234031
4.522175380009647	3.711272e+04	4.796552e-02	3.718908480474259	1.688961035880274	151.780371364246804	0.026401489488779	1.1989502349
4.570691678237131	3.408998e+04	4.851630e-02	3.746952265945720	1.668835707058582	150.931377362348115	-0.161147991540544	1.1854556196
4.621123465091221	3.535070e+04	5.043179e-02	3.776163814898378	1.648190197826233	150.142835139934448	-0.272594346567732	1.1703537423
4.670455881205682	3.313558e+04	4.933242e-02	3.804747766749574	1.628295123106959	148.929123788917934	-0.042311315219180	1.1628989292
4.721218800885902	3.297635e+04	5.076292e-02	3.834211617947722	1.608098090671517	148.147667526705391	-0.228265508340433	1.1483148441
4.771908239547887	3.216757e+04	5.068944e-02	3.863657329281257	1.588221249388145	147.073059030807940	-0.109049260989863	1.1387196002
4.823035015905182	3.564906e+04	5.112678e-02	3.893388719741572	1.568456611921289	146.122653430890267	-0.139753858161352	1.1273543712
4.871415351701628	3.553449e+04	4.838034e-02	3.921510466048997	1.550037820012554	144.901387466720024	0.060425202152067	1.1219503246
4.919699553676358	3.183022e+04	4.828420e-02	3.949607732437795	1.531897007865071	144.143141073351984	-0.156757269957167	1.1097598157
4.970534223289656	3.176148e+04	5.083467e-02	3.979272061385913	1.513022443737403	143.595075219848809	-0.383465167164232	1.0934246559
5.021233832562618	3.535439e+04	5.069961e-02	4.008894334726676	1.494453374182483	142.595150890717377	-0.167504346553136	1.0844149829
5.069110381983883	3.614121e+04	4.787655e-02	4.036859570227369	1.477173115892354	141.462454056636432	0.038156669685759	1.0791095856
5.116298609487929	4.152300e+04	4.718823e-02	4.064447094959915	1.460359248469594	140.706569996302392	-0.128962940821283	1.0686750601
5.160173063987427	4.229838e+04	4.387445e-02	4.090080589979517	1.444939599600916	139.628605953949716	0.100277945458109	1.0649628340
5.203507084837059	3.992790e+04	4.333402e-02	4.115417573283010	1.429887082399431	138.970424412442611	-0.122451183295586	1.0553399067
5.247971401924231	4.123581e+04	4.446432e-02	4.141458352261546	1.414608369667475	138.387861977267704	-0.265069516414971	1.0442944197
5.291587108761369	4.238436e+04	4.361571e-02	4.167017723159118	1.399797808495702	137.549681691519027	-0.098395191963671	1.0377282258
5.334475652772841	4.316298e+04	4.288854e-02	4.192170608481657	1.385399100830453	136.842892109069311	-0.128952848958467	1.0297161328
5.376847913788909	4.390121e+04	4.237226e-02	4.217044297069756	1.371329133760481	136.176321677362409	-0.159652740852279	1.0215300924
5.418738309239654	4.469023e+04	4.189040e-02	4.241657687000455	1.357568841693030	135.508290569357769	-0.156975889627555	1.0137719433
5.460136628184136	4.277579e+04	4.139832e-02	4.266004725336483	1.344113671653574	134.862301835766175	-0.162790862107709	1.0060827884
5.502330281032816	3.982162e+04	4.219365e-02	4.290859985491055	1.330535145358648	134.347697908600964	-0.283314882001225	0.9962890649
5.545934162036523	4.314010e+04	4.360388e-02	4.316595457713702	1.316640532559085	133.824731810285954	-0.327149007100183	0.9862386998
5.587702342443277	4.203799e+04	4.176818e-02	4.341252751053158	1.303482559861107	132.977073771021622	-0.036820518321136	0.9819290157
5.629894165047835	4.062757e+04	4.219182e-02	4.366194794816851	1.290323833437549	132.480018493480259	-0.244136500585922	0.9724533326
5.672689342156418	3.931092e+04	4.279518e-02	4.391530768440528	1.277110312391387	131.915200200191492	-0.256282117088230	0.9639208631
5.716069608467063	3.851719e+04	4.338027e-02	4.417249431922338	1.263852235224152	131.328594794209721	-0.243717390467165	0.9556623716
5.759766803806589	3.629643e+04	4.369720e-02	4.443190084289774	1.250635199101202	130.727015477280645	-0.225630770481418	0.9476838500
5.804649341882117	3.390115e+04	4.488254e-02	4.469883044274723	1.237195000618319	130.217841592697283	-0.308612954844867	0.9381005428
5.850951528297415	3.322871e+04	4.630219e-02	4.497475082978870	1.223469794829096	129.687359432658752	-0.327941399902623	0.9284900598
5.897576187905162	3.099380e+04	4.662466e-02	4.525303174537290	1.209796695228601	129.065497068797839	-0.256942263587946	0.9202704868
5.945703937244493	2.882192e+04	4.812775e-02	4.554087210841270	1.195829710110605	128.544033511119324	-0.327762977190809	0.9102715638
5.995454123126351	2.990202e+04	4.975019e-02	4.583907473250440	1.181544906470160	128.001465703945655	-0.344487003049772	0.9002050361
6.044138390782749	3.038599e+04	4.868427e-02	4.613109937886985	1.167735027919247	127.185883178313560	-0.112896042518258	0.8945808922
6.092280286719206	3.288896e+04	4.814190e-02	4.642016159473210	1.154236361196733	126.539267349663973	-0.160542681328121	0.8869686638
6.138409748249008	3.180137e+04	4.612946e-02	4.669718337900511	1.141456780987773	125.754752100263531	-0.025596291024393	0.8821815740
6.185182026860682	3.172032e+04	4.677228e-02	4.697845610562093	1.128635299873873	125.253676730035920	-0.233233921746161	0.8733768281
6.231873613460390	3.062307e+04	4.669159e-02	4.725956112895947	1.115973944978565	124.632667075513154	-0.189540147328783	0.8664550182
6.279252802684347	2.898868e+04	4.737919e-02	4.754522594283932	1.103260590668426	124.088159730697512	-0.246189537163967	0.8584152360
6.327802793099479	2.698461e+04	4.854999e-02	4.783846741297906	1.090367969707763	123.564376521408533	-0.290895374658326	0.8498856843
6.377968865846782	2.818732e+04	5.016607e-02	4.814209841007396	1.077184071790990	123.059202646801026	-0.332821907265721	0.8407669069
6.426897983020169	2.665157e+04	4.892912e-02	4.843847538405560	1.064474556788317	122.321135474142025	-0.126605465782531	0.8354191932
6.477062905554241	2.737651e+04	5.016492e-02	4.874293648001593	1.051579310183721	121.870481763041184	-0.318009505529867	0.8259366309
6.526404357527141	2.700005e+04	4.934145e-02	4.904269778889076	1.039039541227118	121.185295274859328	-0.161152008011329	0.8200794783
6.575936523751592	2.928323e+04	4.953217e-02	4.934407134606601	1.026585915431816	120.658179148965260	-0.246542770371933	0.8121951236
6.623353062966762	3.029308e+04	4.741654e-02	4.963263647876119	1.014803304732603	119.905820667703736	-0.037247189449912	0.8081580135
6.669836843059897	3.184871e+04	4.648378e-02	4.991575134717322	1.003375633965351	119.355379345535482	-0.139401055046585	0.8018294792
6.715042423791744	3.230823e+04	4.520558e-02	5.019122583089016	0.992380109163523	118.746415560927829	-0.094280791856953	0.7968093575
6.759802037397710	3.266926e+04	4.475961e-02	5.046424684354434	0.981600960181427	118.244661553302407	-0.177786872419572	0.7906137784
6.804193068622361	3.259155e+04	4.439103e-02	5.073528588945813	0.971014812410433	117.729552678477532	-0.182963212910648	0.7848334926
6.848518117741799	3.070277e+04	4.432505e-02	5.100623337441307	0.960544690017521	117.248814076720890	-0.215883962472628	0.7787394453
6.894064764506014	3.236844e+04	4.554665e-02	5.128511927367139	0.949883346597533	116.841465910581107	-0.314323631075540	0.7714552661
6.938303247772078	3.067793e+04	4.423848e-02	5.155612816571800	0.939633629557437	116.212966247620159	-0.091946785794500	0.7675890931
6.983624679074781	2.908222e+04	4.532143e-02	5.183423345911243	0.929226947648052	115.851219254463430	-0.312957345011684	0.7600245009
7.030047839569936	3.208612e+04	4.642316e-02	5.211959954009998	0.918664012816553	115.424559497071357	-0.323450262031159	0.7531460274
7.074123384725344	3.196236e+04	4.407555e-02	5.239058077841364	0.908740054303860	114.754803699709782	-0.032029694360715	0.7502006988
7.118169822195036	3.200052e+04	4.404644e-02	5.266170452495422	0.898913088781889	114.357786534337379	-0.229951369460239	0.7438110644
7.162076523781100	3.013550e+04	4.390670e-02	5.293227973885285	0.889206368842620	113.902374494495177	-0.224672706419488	0.7383316729
7.207205690248151	3.205657e+04	4.512917e-02	5.321088712431149	0.879314655408386	113.546893893425079	-0.345949587160045	0.7313526450
7.250847026377433	3.360788e+04	4.364134e-02	5.348047904787005	0.869841141671349	112.978170045754041	-0.122731802417719	0.7276188029
7.293361676512441	3.497341e+04	4.251465e-02	5.374330517911137	0.860696875019652	112.515019334719241	-0.149042293912683	0.7229108420
7.334936040828421	3.680571e+04	4.157436e-02	5.400052131852055	0.851833974160227	112.070301568632658	-0.163603232732067	0.7182967693
7.375365714041004	3.565124e+04	4.042967e-02	5.425082916299411	0.843289799305272	111.625408274751564	-0.148275973042649	0.7140581662
7.416349896978434	3.696148e+04	4.098418e-02	5.450491774487678	0.834696833560483	111.295804720612011	-0.295101872571941	0.7082950360
7.456507175604427	3.496199e+04	4.015728e-02	5.475404793193078	0.826348987463322	110.824929897270408	-0.146724418815948	0.7046204214
7.497702753568327	3.767750e+04	4.119558e-02	5.501000620147150	0.817851094830908	110.523722273151591	-0.328267917294932	0.6986228149
7.537293610760466	3.690078e+04	3.959086e-02	5.525606812526156	0.809755985049590	109.996854841284673	-0.066333575675556	0.6959505486
7.577209794754717	3.581804e+04	3.991618e-02	5.550444150356418	0.801657620383021	109.680379012245993	-0.261243591007502	0.6906177807
7.617634051241821	3.572085e+04	4.042426e-02	5.575626869516547	0.793520304357649	109.311815519861000	-0.258399485266133	0.6859043071
7.658021743882695	3.500399e+04	4.038769e-02	5.600810003535381	0.785456031125450	108.907131572256688	-0.204543768347107	0.6817320182
7.698729073460742	3.461262e+04	4.070733e-02	5.626219508095707	0.777392436539448	108.538956199608066	-0.236531390580935	0.6771073897
7.739573355178344	3.482898e+04	4.084428e-02	5.651740293188120	0.769366510356591	108.155084775845509	-0.223985292593234	0.6727262532
7.780198535470497	3.472698e+04	4.062518e-02	5.677146677946308	0.761448235756606	107.759554861592065	-0.197194542589207	0.6686162527
7.820792199432837	3.586220e+04	4.059366e-02	5.702559307535885	0.753598596823900	107.396408384976795	-0.228862366502933	0.6641862863
7.860649091159897	3.515322e+04	3.985689e-02	5.727528927155281	0.745953643741219	106.990402452685316	-0.165791193460568	0.6605220736
7.900818053549625	3.168823e+04	4.016896e-02	5.752722471099326	0.738307392758516	106.663941413197719	-0.258275201249940	0.6558783994
7.943033473043450	3.082312e+04	4.221542e-02	5.779250861458454	0.730328071876845	106.425379795141765	-0.431141418124737	0.6497911546
7.985738868608389	2.799398e+04	4.270540e-02	5.806124113005851	0.722319365788233	106.046901583486132	-0.298434114863612	0.6453925355
8.030446467773427	2.675761e+04	4.470760e-02	5.834317691289421	0.713996482387290	105.803721110328084	-0.452482867426959	0.6390086639
8.076064665673725	2.683663e+04	4.561820e-02	5.863132061428952	0.705573044445944	105.424631873892736	-0.331486698863919	0.6341699165
8.121503586561181	2.566759e+04	4.543892e-02	5.891865181637473	0.697255400745743	105.000113396217245	-0.227587833650806	0.6300005281
8.167852315972757	2.489638e+04	4.634873e-02	5.921217341596910	0.688841909204953	104.656058925835367	-0.303040514865684	0.6247655755
8.214796648363452	2.701262e+04	4.694433e-02	5.950988868696881	0.680392993608431	104.276123202524346	-0.284589259872716	0.6199286175
8.259751742396880	2.883127e+04	4.495509e-02	5.979508938689773	0.672378133812305	103.759511271033318	-0.072571057944307	0.6172007690
8.303161977371079	2.947740e+04	4.341023e-02	6.007062638562413	0.664707129205691	103.342349509458330	-0.106510745628257	0.6136711517
8.345995240907628	2.852366e+04	4.283326e-02	6.034272782031039	0.657200521292006	102.979534150305739	-0.183323589238196	0.6096803385
8.389440428249840	2.726034e+04	4.344519e-02	6.061906109949961	0.649646137472516	102.660051971442513	-0.275121206353968	0.6051294310
8.433779495229450	2.741744e+04	4.433907e-02	6.090147590249039	0.641996331256576	102.335694278932422	-0.305022542257674	0.6005388645
8.477888724243590	2.691743e+04	4.410923e-02	6.118270039984956	0.634448943025828	101.941801445727052	-0.210930017338027	0.5968817769
8.522303320710753	2.738137e+04	4.441460e-02	6.146616905212005	0.626911218677144	101.582330931842293	-0.227916395233144	0.5928353136
8.566238373940131	2.716023e+04	4.393505e-02	6.174678505231045	0.619517516827513	101.179729911432148	-0.162057057726445	0.5894524395
8.610251572220742	2.844475e+04	4.401320e-02	6.202816805014081	0.612170778913936	100.827595048279292	-0.209848486320009	0.5855354186
8.653161847476927	2.768637e+04	4.291028e-02	6.230263346488461	0.605068589217222	100.408579394800284	-0.109014627399400	0.5826637424
8.696559937862244	2.717087e+04	4.339809e-02	6.258052086177470	0.597941318207880	100.101993652545659	-0.245684209362929	0.5784633884
8.740270408523644	2.545889e+04	4.371047e-02	6.286066987326630	0.590819827431214	99.741170302347641	-0.209900937065373	0.5749008069
8.785325885934419	2.485505e+04	4.505548e-02	6.314984087448025	0.583535264938592	99.446036296072919	-0.307432963109930	0.5704099789
8.830820851945985	2.673366e+04	4.549497e-02	6.344215349785718	0.576239053792170	99.081458031184169	-0.239180107409322	0.5667092809
8.874587028781063	2.678169e+04	4.376618e-02	6.372344382170993	0.569281162515122	98.634354717535018	-0.067468683529511	0.5643190628
8.918217325655595	2.890870e+04	4.363030e-02	6.400413343238888	0.562399092640408	98.330271582440162	-0.220896836822812	0.5603770087
8.960119690285785	2.601275e+04	4.190236e-02	6.427380984359261	0.555843667013756	97.926084363275734	-0.089347120602634	0.5579302933
9.004200202910722	2.616428e+04	4.408051e-02	6.455803074083445	0.548993964847625	97.750224129733539	-0.430439661661144	0.5525766194
9.048056027872731	2.474781e+04	4.385582e-02	6.484105995853749	0.542232654184630	97.363713254273151	-0.207351871931899	0.5497108101
9.093050934852544	2.350111e+04	4.499491e-02	6.513184787664609	0.535347195881669	97.089946824032936	-0.317447191771864	0.5454439460
9.139120687650463	2.170890e+04	4.606975e-02	6.543000857210676	0.528350709136704	96.787260264496581	-0.317064932584037	0.5413916174
9.186945069727720	2.254632e+04	4.782438e-02	6.574003246182219	0.521143149086121	96.499329842683991	-0.352902132295648	0.5369582440
9.233762114082269	2.309009e+04	4.681704e-02	6.604371445108341	0.514148633691204	96.064573829110458	-0.133270857050194	0.5343894282
9.279918117879532	2.334740e+04	4.615600e-02	6.634332449171042	0.507310656590551	95.704613492987733	-0.158343808492186	0.5311551702
9.325715319115904	2.391869e+04	4.579720e-02	6.664085647695359	0.500580954186611	95.363718863109980	-0.188070270360860	0.5278260061
9.370861165448920	2.547802e+04	4.514585e-02	6.693437650810400	0.494000619963833	95.012043401547558	-0.169356814651062	0.5247758829
9.414507659961865	2.854381e+04	4.364649e-02	6.721827022274053	0.487690767236809	94.636197509857354	-0.099877245133574	0.5222786719
9.455656458536133	3.232641e+04	4.114880e-02	6.748591062959171	0.481790777764971	94.237166405690900	0.006698415482064	0.5204692507
9.494246166827782	2.994695e+04	3.858971e-02	6.773688222657862	0.476300601871545	93.875960886791731	0.024932425524069	0.5186739680
9.534265322616569	2.809095e+04	4.001916e-02	6.799749895857379	0.470642325549696	93.709505028852064	-0.354851067350026	0.5145561185
9.575506125330987	2.690304e+04	4.124080e-02	6.826641626975973	0.464849122954436	93.457396577558185	-0.329999449259082	0.5112463028
9.617564509765668	2.851716e+04	4.205838e-02	6.854098073190755	0.458981166189346	93.183770838070984	-0.289771000767068	0.5080978380
9.658333366050186	2.718259e+04	4.076886e-02	6.880722362100744	0.453335779842004	92.819592948439379	-0.092362564684417	0.5061711982
9.700010168188511	2.491038e+04	4.167680e-02	6.907971383389585	0.447602985739820	92.599501877886496	-0.298703697964016	0.5025855077
9.743460330261083	2.489569e+04	4.345016e-02	6.936422163425448	0.441665424104125	92.372633994427815	-0.369517129718002	0.4988679975
9.786834077267564	2.288692e+04	4.337375e-02	6.964846319461085	0.435781859544859	92.039518577776306	-0.201480691247283	0.4963586112
9.831978840845156	2.186075e+04	4.514476e-02	6.994474933863419	0.429699883773330	91.817010652325450	-0.355888792410426	0.4924557348
9.878073081981958	2.218104e+04	4.609424e-02	7.024765603163320	0.423535042293355	91.528994869274698	-0.300617341293426	0.4891769136
9.923734554099005	2.304413e+04	4.566147e-02	7.054797250559940	0.417475179631321	91.195588608526919	-0.197351818076603	0.4864941018
9.968437319648725	2.206801e+04	4.470277e-02	7.084215124231622	0.411588979814420	90.856118277001073	-0.135742368262160	0.4840556270
10.014023095477866	2.207944e+04	4.558578e-02	7.114250342124736	0.405629478736253	90.611531381417961	-0.288360500588484	0.4805343978
10.059500769693168	2.245748e+04	4.547767e-02	7.144238064517372	0.399729391671042	90.283313392517712	-0.188149018661781	0.4779650261
10.104499304579939	2.369494e+04	4.499853e-02	7.173928463048380	0.393936397819996	89.958584608022562	-0.150618787680231	0.4754693204
10.148216321918326	2.478102e+04	4.371702e-02	7.202785319873649	0.388351805017482	89.625934701361373	-0.102374471962009	0.4732711635
10.190878890887333	2.482372e+04	4.266257e-02	7.230959231821808	0.382942384184974	89.320341265737440	-0.117632136702779	0.4709668781
10.233421629208804	2.509201e+04	4.254274e-02	7.259076855858564	0.377585635001140	89.062426218670566	-0.209309809925396	0.4682153250
10.275654287341419	2.341377e+04	4.223266e-02	7.287008992816980	0.372305154262510	88.777655130777759	-0.180899772328026	0.4658258612
10.319290442271450	2.181694e+04	4.363615e-02	7.315904977854936	0.366884893976856	88.560755740408752	-0.316562425783398	0.4625855429
10.364405950676739	2.063579e+04	4.511551e-02	7.345818601389920	0.361318668842146	88.314079928546420	-0.316794749800151	0.4595135851
10.410700100850780	2.063044e+04	4.629415e-02	7.376549620298164	0.355647357469520	88.044258099510927	-0.283710146855687	0.4565800915
10.456903714355320	1.961577e+04	4.620361e-02	7.407244532438426	0.350029684615806	87.730355042718969	-0.188300075373108	0.4541601573
10.504188977059888	1.797541e+04	4.728526e-02	7.438694252401235	0.344321954995256	87.476980552564228	-0.275270990049647	0.4510255637
10.553480138685694	1.854190e+04	4.929116e-02	7.471525309771841	0.338414792883218	87.231167673520673	-0.333493673399301	0.4476181253
10.601905740008824	1.934887e+04	4.842560e-02	7.503797552409682	0.332658554572640	86.863563696596970	-0.126352856662712	0.4456154504
10.649208713167635	2.089369e+04	4.730297e-02	7.535336318146014	0.327080780179482	86.536641812402308	-0.109820255149960	0.4433746459
10.694634025952329	2.238425e+04	4.542531e-02	7.565628276196598	0.321767292144468	86.191975879799671	-0.041214258090678	0.4415807989
10.738432910300943	2.247389e+04	4.379888e-02	7.594843275770095	0.316682864530345	85.886768184447490	-0.066626096021457	0.4396123460
10.782060204863264	2.569701e+04	4.362729e-02	7.623963209789808	0.311653758659166	85.633199124287941	-0.173868414869752	0.4371717985
10.822781829201841	2.394916e+04	4.072162e-02	7.651137035310993	0.306995281073741	85.269732969509050	0.066638584356855	0.4362255557
10.864888281365619	2.267784e+04	4.210645e-02	7.679266446947995	0.302207713338863	85.111031000633361	-0.310278144852340	0.4330598682
10.908079564110750	2.206279e+04	4.319128e-02	7.708148922580466	0.297328334005811	84.869277165416349	-0.264914441836066	0.4306530775
10.951786620981137	2.069436e+04	4.370706e-02	7.737400282189077	0.292423764480592	84.610652435813506	-0.217956075134033	0.4283941869
10.996830235319006	2.023583e+04	4.504361e-02	7.767578578952759	0.287402489508928	84.383831415479463	-0.280483714290456	0.4256997594
11.042292752689503	2.081428e+04	4.546252e-02	7.798061885870391	0.282369920418224	84.109054430728492	-0.205156297722825	0.4234804035
11.087031394671119	2.290771e+04	4.473864e-02	7.828073170296777	0.277453567749531	83.808732705262557	-0.115020731695374	0.4216340492
11.129595013387581	2.105582e+04	4.256362e-02	7.856624657143110	0.272811218098369	83.482433841137848	0.007167244113329	0.4203205570
11.173910218447483	2.284283e+04	4.431521e-02	7.886386095369196	0.268007916309334	83.316323383095522	-0.317485935114573	0.4172386702
11.216376365465209	2.168496e+04	4.246615e-02	7.914907861820186	0.263438586346387	82.975548738999251	-0.020265090577929	0.4161414678
11.259882905130048	2.212561e+04	4.350654e-02	7.944156384732752	0.258786901428352	82.786299686018012	-0.262831053431266	0.4134457715
11.302874672205791	2.215384e+04	4.299177e-02	7.973073504780113	0.254221473564075	82.508753788599904	-0.138953635144359	0.4117195532
11.345761059372549	2.193301e+04	4.288639e-02	8.001938919983164	0.249697117160829	82.272320449863287	-0.183810958837087	0.4096242532
11.388784990761321	2.183045e+04	4.302393e-02	8.030917412100850	0.245187752140517	82.035333095403502	-0.196229181584064	0.4075505474
11.431831987686850	2.113441e+04	4.304700e-02	8.059931931668306	0.240705267089039	81.797702377779160	-0.196105807661716	0.4055108881
11.475503281794252	2.065334e+04	4.367129e-02	8.089394245777225	0.236186504968544	81.583399919917412	-0.253254478815757	0.4032062413
11.519599739352993	2.078904e+04	4.409646e-02	8.119168265802267	0.231653252232713	81.348783820120374	-0.228731067875834	0.4010902423
11.563471369950193	1.945350e+04	4.387163e-02	8.148810091853875	0.227173033520158	81.099247243621676	-0.181282729165133	0.3991743396
11.608741408530129	1.810885e+04	4.527004e-02	8.179430755199659	0.222578966591655	80.904389287137789	-0.300952192479472	0.3966116286
11.655574178939325	1.802750e+04	4.683277e-02	8.211148859619509	0.217856376855818	80.701438602575763	-0.334974281681091	0.3940075301
11.702421753179980	1.789941e+04	4.684757e-02	8.242900535927870	0.213165190628415	80.427967268956635	-0.192400759288165	0.3921249610
11.749346009290733	1.751836e+04	4.692426e-02	8.274726421783026	0.208499168464982	80.172949224440089	-0.181687182851626	0.3900876492
11.796686551189113	1.834184e+04	4.734054e-02	8.306860326268104	0.203824261782495	79.930805562919446	-0.207310786480210	0.3879178351
11.842862619455346	2.000138e+04	4.617607e-02	8.338214624978916	0.199297505492704	79.639335844574560	-0.090579844469560	0.3863708770
11.886998351980806	2.327143e+04	4.413573e-02	8.368186370174694	0.195002065876700	79.351882178063661	-0.026106517487350	0.3850085332
11.927842476471726	2.335028e+04	4.084412e-02	8.395913359606080	0.191055644774922	79.046078808976091	0.099624093650765	0.3841619479
11.968550198071215	2.285952e+04	4.070772e-02	8.423563261226743	0.187146067511539	78.865872178913506	-0.170500757634588	0.3821317343
12.009624986827792	2.298332e+04	4.107479e-02	8.451482076348283	0.183224422611661	78.666236914758045	-0.213217848521410	0.3802799920
12.050521284161016	2.422734e+04	4.089630e-02	8.479295691564966	0.179343233654158	78.448713454706095	-0.176223684046417	0.3786411928
12.090288398390488	2.182195e+04	3.976711e-02	8.506347857497362	0.175592647693823	78.204712002518789	-0.074584856398411	0.3773840957
12.132123272648064	1.997018e+04	4.183487e-02	8.534839960716200	0.171668132739170	78.072391285875355	-0.358680497854319	0.3748847230
12.175781699578224	1.812515e+04	4.365843e-02	8.564608551548911	0.167595686342430	77.890856682651417	-0.340507081904114	0.3727205483
12.221528658715807	2.057920e+04	4.574696e-02	8.595839241582102	0.163353538724330	77.704854423515783	-0.342553666211431	0.3704398462
12.264383356138591	1.983709e+04	4.285470e-02	8.625089788019082	0.159408220177693	77.370956633252717	0.055054066650505	0.3698554683
12.307958217758904	1.985056e+04	4.357486e-02	8.654856848467904	0.155420612389472	77.209406683068465	-0.245669456173187	0.3675858240
12.351443316570833	2.038074e+04	4.348510e-02	8.684581038433373	0.151466024180703	76.984250916146863	-0.181041172086768	0.3659556520
12.394285578695357	1.821857e+04	4.284226e-02	8.713878586125301	0.147594598795826	76.751676107860447	-0.128599249385430	0.3644757192
12.439522595602813	1.893152e+04	4.523702e-02	8.744855515510112	0.143529470814438	76.619403452572968	-0.390154808834293	0.3618623540
12.483820964751336	1.986900e+04	4.429837e-02	8.775202294412844	0.139574868418359	76.349035943525777	-0.118818436662377	0.3606619492
12.526986812994338	2.008571e+04	4.316585e-02	8.804782760155614	0.135746363357551	76.113496254693743	-0.094573978425198	0.3592523132
12.569846979490725	2.079040e+04	4.286017e-02	8.834169617590696	0.131968304082354	75.909644030561211	-0.161656480171066	0.3575919565
12.611904384826815	1.990676e+04	4.205741e-02	8.863017195228785	0.128283944364148	75.685874992342491	-0.117365844318967	0.3562086028
12.654815097889065	1.927244e+04	4.291071e-02	8.892474540582469	0.124546373943848	75.515138168983469	-0.253131964655134	0.3542769668
12.698353965616292	1.881054e+04	4.353887e-02	8.922386493173718	0.120776376101925	75.318938796656326	-0.234776340856690	0.3525554005
12.742350209554274	1.926705e+04	4.399624e-02	8.952634527685811	0.116989637974748	75.116436680444480	-0.214825911998911	0.3508781533
12.785748619291851	1.776640e+04	4.339841e-02	8.982484298535523	0.113277760099215	74.887519585199982	-0.127659896455517	0.3495188150
12.830867556770974	1.759307e+04	4.511894e-02	9.013552248127796	0.109440509658897	74.739831729182939	-0.330781654072567	0.3472855223
12.876130004434749	1.704467e+04	4.526245e-02	9.044739950515192	0.105614982267168	74.514673966400181	-0.194846807503111	0.3457856660
12.922035481951690	1.870393e+04	4.590548e-02	9.076396658976169	0.101758811974180	74.321326715685103	-0.236325050854589	0.3439628530
12.965781007682388	1.948024e+04	4.374553e-02	9.106564730183589	0.098108924307662	74.047786241685174	-0.008585041682248	0.3430764887
13.008574956211236	1.840790e+04	4.279395e-02	9.136086167800212	0.094560604654170	73.843344662973394	-0.099489909399797	0.3416453955
13.052526541811826	1.736886e+04	4.395159e-02	9.166433263468214	0.090936868525937	73.685996115867695	-0.272696124087592	0.3397095777
13.097698712937305	1.777612e+04	4.517217e-02	9.197651800663849	0.087234026328137	73.504392070559589	-0.274002810386436	0.3379258220
13.142274587377734	1.821287e+04	4.457587e-02	9.228470946182785	0.083603129740182	73.270051500115002	-0.122616259356148	0.3366949560
13.186239150454242	1.927004e+04	4.396456e-02	9.258880368164982	0.080044195665734	73.060927833840722	-0.128500667184788	0.3352996246
13.228910493284856	1.877096e+04	4.267134e-02	9.288402982330014	0.076611342016890	72.841641328879078	-0.080677695138942	0.3341152187
13.272076619845521	1.875513e+04	4.316613e-02	9.318288265436333	0.073158472365820	72.673052864357871	-0.213370554259442	0.3324479188
13.315191651480600	1.816547e+04	4.311503e-02	9.348154741820691	0.069729831841910	72.476353559545629	-0.173431479757412	0.3310613668
13.358930824205316	1.779424e+04	4.373917e-02	9.378476334388283	0.066271283676727	72.303595732868871	-0.233695684170843	0.3294292820
13.403052398065736	1.660732e+04	4.412157e-02	9.409082655689376	0.062802864629244	72.110634646837170	-0.197945967586110	0.3279732060
13.448649094196156	1.761024e+04	4.559670e-02	9.440743149164838	0.059238647000436	71.951543021747938	-0.295583744782524	0.3261219884
13.492854059664843	1.900593e+04	4.420497e-02	9.471444436848955	0.055805169599547	71.707688007500977	-0.070771201395813	0.3251612345
13.535335981022047	2.048903e+04	4.248192e-02	9.500953428653437	0.052525946484646	71.492635355815395	-0.046991698619043	0.3240818216
13.576187902643287	2.080766e+04	4.085192e-02	9.529334691406394	0.049391203461250	71.291383788561504	-0.052291976344606	0.3230107832
13.616665420790287	1.954913e+04	4.047752e-02	9.557468455314993	0.046302171621494	71.123735054484300	-0.151525798429054	0.3216778230
13.658364034978050	1.929909e+04	4.169861e-02	9.586476150374402	0.043136168404221	70.985669054893322	-0.291252764040479	0.3200077552
13.700268362424252	1.833389e+04	4.190433e-02	9.615644803115115	0.039971858856555	70.804176329241258	-0.202142403268006	0.3187321445
13.743196327037980	1.896091e+04	4.292796e-02	9.645549131659848	0.036747609026917	70.645326976695145	-0.252457432305532	0.3171984818
13.785343037870961	1.885406e+04	4.214671e-02	9.674919006783981	0.033600383939966	70.438370007597527	-0.108660090591765	0.3161682407
13.827544805582512	1.595168e+04	4.220177e-02	9.704343247670558	0.030466435984775	70.270523395023659	-0.179352704616656	0.3147994951
13.873355883928529	1.551130e+04	4.581108e-02	9.736330335942991	0.027081010499781	70.175061954410666	-0.458315936801321	0.3125556410
13.919736342585532	1.558541e+04	4.638046e-02	9.768738798318317	0.023673598655488	69.966791956980344	-0.222660300205684	0.3113002264
13.965929580036942	1.583452e+04	4.619324e-02	9.801033523989252	0.020300560703497	69.765792228930977	-0.160141776536813	0.3100117590
14.011682464677980	1.582428e+04	4.575288e-02	9.833035149250776	0.016979991245322	69.568430339223767	-0.140977010121717	0.3087391242
14.057375614201920	1.533800e+04	4.569315e-02	9.865012333055997	0.013683476754680	69.383423087718981	-0.167088467732502	0.3073792238
14.103712155297689	1.653198e+04	4.633654e-02	9.897461886269815	0.010360041282142	69.208080389275551	-0.209116573529444	0.3059100400
14.148270843820395	1.601436e+04	4.455869e-02	9.928670231106240	0.007184221777282	68.979480297021951	-0.038221228722483	0.3050462965
14.193472719171840	1.678152e+04	4.520188e-02	9.960350503944937	0.003980733011289	68.825988352070610	-0.214234392744841	0.3034939751
14.237559038646971	1.792325e+04	4.408632e-02	9.991257207955888	0.000875044237391	68.617160861180309	-0.085519326226064	0.3025192012
14.280152049279478	1.820195e+04	4.259301e-02	10.021121522721867	-0.002107700487812	68.418977791383696	-0.049623579695911	0.3015620611
