0.571910088681453	5.555514e+03	2.500000e-02	1.030246664148984	8.706413374568227	1139.448154055070972	0.531316140399505	1.0006128192
0.634410088681452	4.880544e+03	6.250000e-02	1.104000647477869	8.057965702144632	1026.305697804102692	0.560079704343092	1.0023453673
0.696910088681452	4.218602e+03	6.250000e-02	1.175362484963376	7.508013594045920	933.942196429142314	0.571095785353541	1.0030518467
0.759410088681452	3.766123e+03	6.250000e-02	1.244606937338563	7.034665162146499	857.093156895402899	0.566819396551540	1.0030582270
0.821910088681452	3.437341e+03	6.250000e-02	1.311953099998221	6.622223690780989	791.765956050991235	0.564915716828112	1.0035297992
0.884410088681452	3.193338e+03	6.250000e-02	1.377575975419236	6.259127756606461	735.471928490460755	0.566034667223467	1.0046157181
0.946910088681451	3.269213e+03	6.250000e-02	1.441614760173439	5.936665936187358	686.365556671743320	0.570890706521591	1.0065149454
1.009410088681451	3.775052e+03	6.250000e-02	1.504177881442197	5.648149878664656	643.033385148267143	0.580703189718225	1.0095183432
1.071910088681451	4.633988e+03	6.250000e-02	1.565349016902376	5.388351666000155	604.410884390657202	0.595788602547913	1.0138664314
1.134410088681451	5.789517e+03	6.250000e-02	1.625194107302681	5.153111160731998	569.706871085813532	0.615294806698036	1.0196713572
1.196910088681451	7.380622e+03	6.250000e-02	1.683766251215877	4.939066656537882	538.307956535718176	0.638557293638134	1.0270033316
1.259410088681451	9.263960e+03	6.250000e-02	1.741110220672964	4.743461775863251	509.744064741812565	0.664450391346600	1.0358472122
1.321910088681451	1.108258e+04	6.250000e-02	1.797269639856933	4.563995395146176	483.694777999991288	0.689494145551620	1.0459148759
1.384410088681450	1.281340e+04	6.250000e-02	1.852284401567267	4.398738979575024	459.829062376014065	0.715332846636003	1.0572142560
1.446910088681450	1.520278e+04	6.250000e-02	1.906197010198170	4.246047468598427	437.952557664401297	0.737824584200653	1.0693536735
1.509410088681450	1.625628e+04	6.250000e-02	1.959050409107099	4.104513877495285	417.849779279899053	0.757930029461471	1.0821853843
1.571910088681450	2.127640e+04	6.250000e-02	2.010890455268102	3.972921311452915	399.372284416715729	0.773302676263211	1.0953622477
1.634410088681449	2.943277e+04	6.250000e-02	2.061763348212091	3.850217173892312	382.354505220586248	0.785338997300764	1.1087406831
1.696910088681449	3.397306e+04	6.250000e-02	2.111718968052306	3.735478608322235	366.698531198507737	0.790637335900626	1.1218948341
1.759410088681449	4.010546e+04	6.250000e-02	2.160802538518242	3.627910149928574	352.218703972960327	0.796222205643377	1.1350337573
1.820637726140570	3.690611e+04	6.122764e-02	2.208080619220051	3.528820149479982	339.049726789099225	0.801752429812508	1.1479085130
1.883137726140570	3.939286e+04	6.250000e-02	2.255575094697945	3.433459131334818	326.737720783448367	0.786678004352077	1.1596005949
1.943604865388437	3.510298e+04	6.046714e-02	2.300810541239896	3.346294412668610	315.456954581485718	0.802221662119231	1.1720767842
2.006104865388437	3.189984e+04	6.250000e-02	2.346894266075164	3.260950373671299	304.921023687557749	0.766797648832645	1.1820165077
2.068604865388437	3.833786e+04	6.250000e-02	2.392320820465255	3.180041370059730	294.919932654964896	0.773007082406277	1.1929228015
2.128120784362667	4.237953e+04	5.951592e-02	2.434986297578283	3.106799290799093	285.919218500222939	0.783319389431202	1.2036565697
2.184229518233764	4.461594e+04	5.610873e-02	2.474705774497060	3.040884416666593	277.981832511734126	0.776002426478311	1.2130405239
2.238473305550738	4.756924e+04	5.424379e-02	2.512669971846802	2.979830265034783	270.820737857035510	0.754155951032845	1.2209803335
2.290607895270081	4.570311e+04	5.213459e-02	2.548774389505300	2.923454363467978	264.290965042767880	0.742878357079200	1.2283440725
2.343418145330145	4.291522e+04	5.281025e-02	2.585000025157356	2.868471915930164	258.218412345126637	0.693990231825796	1.2334535059
2.397533542213057	3.945700e+04	5.411540e-02	2.621782252827793	2.814199287226936	252.312373202745420	0.670566628643500	1.2382601505
2.453573326546902	3.625611e+04	5.603978e-02	2.659531398989947	2.760060890350029	246.519450955289557	0.653702165651775	1.2426851311
2.511618167653817	3.493095e+04	5.804484e-02	2.698290288423590	2.706050473109865	240.889482766871396	0.628668864470497	1.2461696292
2.570327517797551	4.032456e+04	5.870935e-02	2.737151482010175	2.653433164267533	235.414792807097029	0.627856222876689	1.2500139328
2.624580367778853	3.861967e+04	5.425285e-02	2.772739701692977	2.606541210447634	230.315594646715681	0.685416684325525	1.2563332646
2.679660877678187	3.904156e+04	5.508051e-02	2.808605430762587	2.560485887576176	225.847586949086775	0.588259186160838	1.2571171421
2.734092071284806	4.230464e+04	5.443119e-02	2.843793523512180	2.516429697627860	221.477852302073302	0.586019926867888	1.2592850932
2.786057409301814	4.390908e+04	5.196534e-02	2.877152701734463	2.475658415339443	217.415052651429249	0.597124807123430	1.2618591962
2.836767941877512	5.033818e+04	5.071053e-02	2.909500335012738	2.437016273777546	213.699863612390402	0.569433519958786	1.2630342489
2.883865547385753	5.504768e+04	4.709761e-02	2.939353731405800	2.402108393132158	210.212956485184776	0.605904787942617	1.2659143716
2.928674147770292	5.335610e+04	4.480860e-02	2.967596974119429	2.369729814125884	207.109193689389912	0.580850586954580	1.2672588629
2.973970402589416	5.501819e+04	4.529625e-02	2.996016921097542	2.337764860265430	204.295276391733864	0.489578791777946	1.2656960237
3.018365145024041	5.561784e+04	4.439474e-02	3.023740541571737	2.307162060539100	201.467908164485124	0.511386733279261	1.2659994843
3.062317029077573	4.939162e+04	4.395188e-02	3.051067748621751	2.277541118029013	198.821711211733657	0.489373814087123	1.2653063380
3.108747623376606	4.690665e+04	4.643059e-02	3.079833623762646	2.246928640185101	196.334739892709052	0.393313896156896	1.2615450994
3.156169196631245	4.494792e+04	4.742157e-02	3.109100209933743	2.216364647253716	193.712667712702256	0.417036367694358	1.2596753978
3.204384472179159	3.940786e+04	4.821528e-02	3.138741814036035	2.185989989772759	191.143295603540167	0.415205150124776	1.2574592887
3.255633728045033	3.721118e+04	5.124926e-02	3.170146223221784	2.154428627534131	188.686134513456352	0.340382048315903	1.2524517191
3.308112110047931	3.604896e+04	5.247838e-02	3.202188723845393	2.122864035318742	186.104002040769984	0.364524626710827	1.2491846969
3.361162300753544	3.403677e+04	5.305019e-02	3.234460404067539	2.091705802743594	183.555359400681738	0.375975619202787	1.2460606922
3.415485049480739	2.888699e+04	5.432275e-02	3.267400007217034	2.060537423612657	181.163997081218781	0.324669649577614	1.2408753191
3.474153481564315	2.923666e+04	5.866843e-02	3.302886070866526	2.027655143241577	178.830994043289593	0.242019849744491	1.2328563890
3.532155903794563	3.195720e+04	5.800242e-02	3.337849377796957	1.995941059090026	176.280824810430033	0.326672633124202	1.2293300534
3.587343198409270	3.376944e+04	5.518729e-02	3.370987613492918	1.966489689838491	173.844174930073365	0.385018406308866	1.2271201718
3.640764722527952	3.476551e+04	5.342152e-02	3.402957210527052	1.938620553048680	171.666834618724920	0.356071603068104	1.2233101768
3.693167496351248	3.593893e+04	5.240277e-02	3.434229392271014	1.911861398223932	169.674775938570320	0.306045803901048	1.2183059927
3.744472482188215	3.744018e+04	5.130499e-02	3.464762720626936	1.886200529827490	167.725107891943225	0.308723317593280	1.2141216353
3.794516375675856	4.087972e+04	5.004389e-02	3.494470626114887	1.861663773982809	165.899507307991684	0.293621609001425	1.2096075158
3.842204707858488	4.284042e+04	4.768833e-02	3.522705907786435	1.838726893975577	164.131661013565434	0.321112994701216	1.2063267531
3.888601905689044	3.939079e+04	4.639720e-02	3.550115494104873	1.816809767627405	162.530940017643246	0.286047331363449	1.2019303773
3.936800927571377	3.975405e+04	4.819902e-02	3.578553140522556	1.794425458368282	161.105852912103444	0.164285333444378	1.1943560192
3.984588216481721	3.683190e+04	4.778729e-02	3.606699833395874	1.772617756378284	159.544726934371113	0.218087982963179	1.1895533993
4.034040885762106	3.583171e+04	4.945267e-02	3.635798029075702	1.750427807053467	158.161178975582999	0.128563603933251	1.1816253915
4.083977967427336	3.819211e+04	4.993708e-02	3.665140446034254	1.728408405418727	156.648087343458002	0.174814502196808	1.1758631897
4.132153297279539	3.621189e+04	4.817533e-02	3.693398282059627	1.707533614388181	155.153544893494967	0.224764126886738	1.1713239354
4.181438680046900	4.047152e+04	4.928538e-02	3.722280357724388	1.686525204703680	153.866244384806208	0.121405518792661	1.1634960227
4.227877107159809	4.001004e+04	4.643843e-02	3.749441154942400	1.667064126828155	152.382254824506816	0.261432488397480	1.1606744770
4.274413107313295	3.656727e+04	4.653600e-02	3.776635207826908	1.647859655408456	151.229333657861019	0.121843031610735	1.1531655561
4.322914924573071	3.408820e+04	4.850182e-02	3.804972271326085	1.628140045949629	150.122908546425577	0.027796041350847	1.1442750355
4.372962039062713	3.543006e+04	5.004711e-02	3.834205921931214	1.608101965207752	148.945712603545132	0.028481478284863	1.1360476241
4.421864776567410	3.750416e+04	4.890274e-02	3.862740710531089	1.588835427844469	147.626302334270662	0.142726494873299	1.1310054499
4.469220157398270	3.760038e+04	4.735538e-02	3.890345076309722	1.570466065052958	146.437966867164619	0.138473756984027	1.1251413739
4.516346811068088	3.769378e+04	4.712665e-02	3.917798206683299	1.552454075593068	145.341110170698926	0.092914845405639	1.1183447829
4.563249841259027	3.912972e+04	4.690303e-02	3.945104934702226	1.534786822027788	144.254303121165691	0.085202630757106	1.1118485129
4.609124635836909	3.681629e+04	4.587479e-02	3.971790982130115	1.517755854976258	143.150500355069283	0.121695203206036	1.1064555073
4.656259647428545	3.503336e+04	4.713501e-02	3.999209479298982	1.500494173101653	142.222182582467042	0.003435505030244	1.0980489829
4.704413256209948	3.355520e+04	4.815361e-02	4.027214967928102	1.483105590249815	141.192867457672463	0.028693170432030	1.0910355408
4.753444680073849	3.176192e+04	4.903142e-02	4.055728373472602	1.465648356878936	140.194913711789582	0.013131184779070	1.0834472043
4.803663785327194	2.860839e+04	5.021911e-02	4.084939297644610	1.448016793239996	139.247936297918528	-0.033140858384112	1.0748416697
4.856388872309499	2.718296e+04	5.272509e-02	4.115621290714972	1.429766806426153	138.284875510355903	-0.060052447633576	1.0656713005
4.910276710225694	2.572899e+04	5.388784e-02	4.146989902462235	1.411387593218540	137.273913709886557	-0.042531002693029	1.0570703386
4.965456357024478	2.469673e+04	5.517965e-02	4.179113306287640	1.392852087775320	136.214815955212401	-0.011547131245988	1.0490053848
5.021560506432714	2.237611e+04	5.610415e-02	4.211777554517681	1.374294432827701	135.168814092465510	-0.010489638859241	1.0407096158
5.080273168625189	2.260149e+04	5.871266e-02	4.245987900425981	1.355164506944719	134.236731046585589	-0.101590327642622	1.0299113869
5.138456535936061	2.423717e+04	5.818337e-02	4.279890211010070	1.336508533390618	133.121058338871194	-0.001375514303937	1.0225568041
5.194419352479655	2.498965e+04	5.596282e-02	4.312483437508057	1.318849485432097	132.022373905848156	0.060581805685827	1.0162521004
5.249324496866988	2.673499e+04	5.490514e-02	4.344455112238001	1.301784629292349	131.046747120586190	0.023385829100494	1.0088356439
5.302211521498561	2.714591e+04	5.288702e-02	4.375231805228737	1.285593185725436	130.011303879475918	0.089873157786138	1.0034908614
5.354511811258484	2.660624e+04	5.230029e-02	4.405670210626425	1.269802214400914	129.173896551079594	-0.014906344743739	0.9956194615
5.407157048287631	2.810453e+04	5.264524e-02	4.436319207152136	1.254120935183884	128.336698750824695	-0.046581689372111	0.9878903934
5.458202520576624	2.864570e+04	5.104547e-02	4.466028611163752	1.239125825348041	127.409695168973954	0.041069255534380	0.9824475986
5.508595073132512	2.808898e+04	5.039255e-02	4.495362437341167	1.224514739219695	126.624233429342297	-0.023009157775477	0.9753288176
5.559318255638109	2.822926e+04	5.072318e-02	4.524898120746915	1.209994508859643	125.848370917131106	-0.048877659624933	0.9681825245
5.609749847954547	3.034762e+04	5.043159e-02	4.554272967311843	1.195740148158597	125.073827216148217	-0.047106805619642	0.9613660952
5.658232341209297	3.201453e+04	4.848249e-02	4.582506704399456	1.182211755500424	124.246170506448507	0.032801207220871	0.9563205780
5.705290146579196	3.051632e+04	4.705781e-02	4.609916741677690	1.169236574186087	123.560031135814228	-0.036052325253652	0.9498249824
5.753345764894795	3.587583e+04	4.805562e-02	4.637933372719920	1.156132741970696	122.968149032555743	-0.151467851783301	0.9417162484
5.797532672010689	3.626178e+04	4.418691e-02	4.663681258305057	1.144228871171686	122.140149828895943	0.089481375398905	0.9388049545
5.841362301859315	3.276205e+04	4.382963e-02	4.689230299768540	1.132546145258338	121.571255100901510	-0.066819417883495	0.9322070078
5.887347760503535	3.145944e+04	4.598546e-02	4.716064551862383	1.120412027874169	121.052078006293499	-0.191205406069418	0.9242620703
5.934141897060118	3.130290e+04	4.679414e-02	4.743389358054658	1.108197165602522	120.412898610481633	-0.119496689175736	0.9180503598
5.980917581421497	3.247987e+04	4.677568e-02	4.770723469885240	1.096118138710846	119.813736892539140	-0.128098876652725	0.9114081187
6.026706201380041	3.422482e+04	4.578862e-02	4.797487591972319	1.084424359269442	119.146936745063087	-0.045157908563523	0.9062990170
6.071187685774578	3.263624e+04	4.448148e-02	4.823487123595147	1.073188907477912	118.486037571105840	0.003871303748832	0.9016980476
6.116615951073642	3.453983e+04	4.542827e-02	4.850058392504529	1.061830846295458	117.960660726156249	-0.127235084025053	0.8948774343
6.160653506424376	3.416429e+04	4.403756e-02	4.875820561827910	1.050936836824666	117.325945496591075	-0.031347934514544	0.8903229795
6.204815305368011	3.259086e+04	4.416180e-02	4.901668878656513	1.040121486692687	116.788848649690337	-0.098867279328229	0.8843907416
6.249911192290306	3.068600e+04	4.509589e-02	4.928084720179708	1.029185894278891	116.270253761767663	-0.148274846304220	0.8780254720
6.296260959354680	2.869058e+04	4.634977e-02	4.955263421658118	1.018056185730248	115.768584536493734	-0.192745254969176	0.8711584741
6.344063806197051	2.817787e+04	4.780285e-02	4.983324358995652	1.006692577004042	115.242555665281742	-0.193704463983568	0.8643619143
6.392163595499901	2.698923e+04	4.809979e-02	5.011581618695053	0.995378058434946	114.664317997317838	-0.138483252231993	0.8584160797
6.441172401631194	2.703814e+04	4.900881e-02	5.040403886198098	0.983967996569190	114.148664252143945	-0.189562863604673	0.8514147525
6.489996672022129	2.541472e+04	4.882427e-02	5.069140312196388	0.972721089597762	113.574364814791863	-0.138879863933430	0.8455032493
6.540213237538802	2.485241e+04	5.021657e-02	5.098729513066777	0.961272896389676	113.062525461975483	-0.196511293990851	0.8384082976
6.590847156547442	2.474013e+04	5.063392e-02	5.128585929271034	0.949855211146161	112.460648909092583	-0.122950550961598	0.8326927283
6.641447909354303	2.401152e+04	5.060075e-02	5.158445291639023	0.938568586974903	111.896077600162627	-0.130053760014249	0.8265947428
6.692661770641781	2.273611e+04	5.121386e-02	5.188696048718350	0.927266485858250	111.365529295220696	-0.168683961567673	0.8199787331
6.745138848470844	2.272653e+04	5.247708e-02	5.219736925723886	0.915805363814035	110.885185183342386	-0.240749939020111	0.8124300041
6.797470681201964	2.611169e+04	5.233183e-02	5.250711491210535	0.904503802339848	110.256680745792778	-0.107065689189414	0.8072620863
6.846148398157633	2.446794e+04	4.867772e-02	5.279516042530322	0.894113005707865	109.579962112940251	0.044095304682657	0.8039595867
6.896297260126326	2.458506e+04	5.014886e-02	5.309219627067007	0.883515978321722	109.137763428632525	-0.173868253345401	0.7969602840
6.946186380515454	2.504177e+04	4.988912e-02	5.338793039132295	0.873082535078993	108.610653974006283	-0.144028103154472	0.7914158389
6.995481364160720	2.234124e+04	4.929498e-02	5.368027851334725	0.862881541777688	108.051240193858064	-0.084831457863833	0.7866382471
7.047528377582136	2.153170e+04	5.204701e-02	5.398947193480471	0.852212967016154	107.683676369562292	-0.303518809004991	0.7784878958
7.100392755851130	2.108927e+04	5.286438e-02	5.430386110817193	0.841489683409482	107.141314467040161	-0.188087000948096	0.7728100866
7.153653921262814	2.197542e+04	5.326117e-02	5.462096312936935	0.830798914386602	106.639528724031791	-0.192317241765696	0.7665921297
7.205678492957198	2.211889e+04	5.202457e-02	5.493091492036801	0.820468494744126	106.087009438835281	-0.119769880931656	0.7615596753
7.257387567019512	2.363971e+04	5.170907e-02	5.523926116856002	0.810306616789364	105.599787428240177	-0.158641137779590	0.7558039899
7.307265883237025	2.398891e+04	4.987832e-02	5.553678396573038	0.800608405083488	105.036767388179982	-0.057608815097823	0.7517163149
7.356647026852722	2.195840e+04	4.938114e-02	5.583155547856825	0.791101808696454	104.579916782772941	-0.136933689598237	0.7463509420
7.408124424705083	2.094709e+04	5.147740e-02	5.613930314111237	0.781283243731026	104.205600077434170	-0.279692190126633	0.7394276421
7.460685164147225	2.006053e+04	5.256074e-02	5.645385250876019	0.771358296309053	103.706766178784775	-0.187264085635351	0.7341484981
7.514244953538722	2.171558e+04	5.355979e-02	5.677474187839914	0.761346625127442	103.241553816639467	-0.200799245417105	0.7282898916
7.565577587927648	2.118234e+04	5.133263e-02	5.708236639038187	0.751854492438309	102.665910723688128	-0.046366478785366	0.7246368531
7.617412086069801	2.190830e+04	5.183450e-02	5.739328941810582	0.742363976936528	102.240649461726889	-0.173417421736611	0.7188665956
7.668242294854349	2.211459e+04	5.083021e-02	5.769839050420846	0.733150597895900	101.752993761169250	-0.124003500998164	0.7143209114
7.718700933079512	2.183445e+04	5.045864e-02	5.800157700961360	0.724091053307486	101.345939470819104	-0.198277630907497	0.7088375904
7.769349337447941	2.177895e+04	5.064840e-02	5.830622728766797	0.715082670443170	100.924924052094994	-0.203419958641352	0.7036183636
7.819929569918959	2.244308e+04	5.058023e-02	5.861071283525233	0.706172731273342	100.468574313262295	-0.154860586204660	0.6990163960
7.869626220820925	2.337515e+04	4.969665e-02	5.891009375848249	0.697501966470745	100.024866643618637	-0.139581385179527	0.6945343790
7.918198079816436	2.473997e+04	4.857186e-02	5.920292780442880	0.689105652516721	99.611186523423669	-0.156209760008989	0.6899745487
7.965294258143598	2.530535e+04	4.709618e-02	5.948700195042943	0.681039499743660	99.168441580651574	-0.099244468242805	0.6862235683
8.011750022180761	2.439790e+04	4.645576e-02	5.976743671596083	0.673151894989920	98.797511668120961	-0.168530610707974	0.6816994564
8.058950702688721	2.418248e+04	4.720068e-02	6.005268358952820	0.665204517478677	98.452941143510913	-0.234334339904465	0.6767436724
8.106248419132273	2.485545e+04	4.729772e-02	6.033877441464577	0.657309101321876	98.063972215293234	-0.189881039351596	0.6724661621
8.152790707632738	2.359972e+04	4.654229e-02	6.062049894128632	0.649607009946495	97.669560775393862	-0.153747888668314	0.6685006945
8.200444074413371	2.261962e+04	4.765337e-02	6.090930270651717	0.641785335843291	97.351191571860241	-0.261078976907944	0.6633541118
8.249003367754669	2.187234e+04	4.855929e-02	6.120392391492024	0.633882169695693	96.984475426811940	-0.232524660840190	0.6587742417
8.298266222381635	2.126449e+04	4.926285e-02	6.150314738664115	0.625933049756745	96.620454326369526	-0.230534237335609	0.6541068209
8.348106516763620	2.210094e+04	4.984029e-02	6.180623956932727	0.617959621824772	96.265062245233480	-0.244225565760850	0.6492986456
8.396874549378262	2.343211e+04	4.876803e-02	6.210303925141186	0.610227151607988	95.857707318898846	-0.159016783523644	0.6454850871
8.444123770632430	2.517964e+04	4.724922e-02	6.239076505244432	0.602801310673818	95.463272629234424	-0.125666661967357	0.6418673447
8.489598685461605	2.465084e+04	4.547491e-02	6.266786987156980	0.595714043016587	95.107555542505850	-0.146973571215451	0.6381371285
8.535457039812224	2.393378e+04	4.585835e-02	6.294763400354159	0.588622059955006	94.818321042108252	-0.260398734390270	0.6335138249
8.581893753084609	2.370005e+04	4.643671e-02	6.323118505619507	0.581498115386065	94.467900486084304	-0.204442655320342	0.6296748698
8.628454133490269	2.320999e+04	4.656038e-02	6.351573245141215	0.574413080672530	94.121240274407583	-0.189309844678696	0.6258346966
8.675397978780273	2.505145e+04	4.694385e-02	6.380289607945000	0.567326973300332	93.791610462421801	-0.211686487369180	0.6217698929
8.720481746980450	2.643801e+04	4.508377e-02	6.407878359631018	0.560578937171932	93.394875457734912	-0.084354868722720	0.6189990468
8.764272790826835	2.699307e+04	4.379104e-02	6.434691237391600	0.554076121304874	93.067553559306390	-0.134003151371365	0.6156007190
8.807520864818587	2.631743e+04	4.324807e-02	6.461192243393067	0.547701975626180	92.767762802686221	-0.188046241759866	0.6119933403
8.851230655553882	2.571573e+04	4.370979e-02	6.488000426363539	0.541306927071967	92.474459273211551	-0.219902107859403	0.6082787453
8.895357407715439	2.591979e+04	4.412675e-02	6.515087100808140	0.534898896249536	92.164434664566514	-0.202893126586124	0.6047716803
8.939218652912842	2.551902e+04	4.386125e-02	6.542030367518010	0.528577435172303	91.846061582775732	-0.175706293323243	0.6014785001
8.983331848310716	2.360882e+04	4.411320e-02	6.569157908853230	0.522265127243027	91.583152233741245	-0.263852938876425	0.5974733960
9.029100156099537	2.251476e+04	4.576831e-02	6.597344310109723	0.515761423073838	91.342754682863344	-0.346590110348541	0.5929569883
9.075867055508946	2.222042e+04	4.676690e-02	6.626173740371670	0.509166585698233	91.011174545270222	-0.225790416416181	0.5895232752
9.122840164023698	2.262006e+04	4.697311e-02	6.655158765166501	0.502593755139336	90.703968921737626	-0.225856556016480	0.5858022140
9.169294972782607	2.239430e+04	4.645481e-02	6.683850599414837	0.496143555464194	90.395717023642163	-0.214809132470615	0.5822412123
9.215883040858371	2.177931e+04	4.658807e-02	6.712652400039635	0.489724091767504	90.096134153629222	-0.223942030075242	0.5786075045
9.263022833960967	2.195468e+04	4.713979e-02	6.741825445375679	0.483277797834287	89.802596498345522	-0.240039153589460	0.5748685536
9.309872280611417	2.114928e+04	4.684945e-02	6.770840315521340	0.476921553898738	89.470655841329048	-0.172330930089249	0.5717285710
9.357503060472956	2.180486e+04	4.763078e-02	6.800378305717437	0.470506426325205	89.227226197503143	-0.307832136590256	0.5673941418
9.404310365249181	2.104732e+04	4.680730e-02	6.829428373830209	0.464251391568752	88.892331437392016	-0.182375558245340	0.5644132419
9.451851133966052	2.145218e+04	4.754077e-02	6.858960044775706	0.457946967866760	88.594274078476104	-0.208993039660692	0.5609094086
9.498839670608989	2.201535e+04	4.698854e-02	6.888170066487963	0.451764387852672	88.275610567454564	-0.171547619311794	0.5578093738
9.545124866117009	2.163966e+04	4.628520e-02	6.916963964595936	0.445720991345972	87.972582135549146	-0.174599590861270	0.5546737759
9.591712838609290	2.346091e+04	4.658797e-02	6.945973814319335	0.439682939688701	87.698524091257497	-0.228280825810605	0.5511817858
9.636362459853940	2.227283e+04	4.464962e-02	6.973789857880758	0.433940540766290	87.368731877507003	-0.116261510516541	0.5487319120
9.682095985918014	2.215778e+04	4.573353e-02	7.002312197785925	0.428099707288390	87.135405120809978	-0.270078979547072	0.5449606355
9.727854610143758	2.300814e+04	4.575862e-02	7.030878274287723	0.422297415753947	86.861659533932666	-0.241799926209851	0.5417437000
9.772668353058798	2.332720e+04	4.481374e-02	7.058872017626774	0.416656935418139	86.555686758828926	-0.156204452896182	0.5391153717
9.817086232347346	2.142074e+04	4.441788e-02	7.086640869776237	0.411105795222237	86.293990979199222	-0.204713423833456	0.5360390986
9.863347695652982	2.063630e+04	4.626146e-02	7.115593988138311	0.405364052062272	86.050613437892309	-0.274308250462363	0.5325218497
9.910384234877887	2.248027e+04	4.703654e-02	7.145061136006832	0.399568150593700	85.774533683713273	-0.239893814186038	0.5293516523
9.955357364535795	1.994038e+04	4.497313e-02	7.173243123467011	0.394069576045088	85.429154202085073	-0.066299955137854	0.5273755442
10.003014980296852	1.903485e+04	4.765762e-02	7.203150084644228	0.388281499412060	85.247859565499141	-0.353869467562176	0.5230515502
10.051691644800234	1.872496e+04	4.867666e-02	7.233726087661394	0.382413417209293	84.948643711947057	-0.230837104906744	0.5200915214
10.100665612361910	1.962490e+04	4.897397e-02	7.264511579971301	0.376555036070230	84.641202923670974	-0.174703105319988	0.5172445659
10.148402033633696	2.053556e+04	4.773642e-02	7.294538549419835	0.370888635689689	84.342981775703649	-0.154930152268095	0.5145024882
10.194971865341955	2.049058e+04	4.656983e-02	7.323848612440379	0.365402335462516	84.051006886833619	-0.142187752717554	0.5118879839
10.241499398231170	2.049807e+04	4.652753e-02	7.353155060547174	0.359960441151892	83.790807470912043	-0.196729947581705	0.5089380572
10.287925633038105	1.955392e+04	4.642623e-02	7.382422856949593	0.354568844642420	83.533484705920216	-0.216354851072961	0.5060120994
10.335365167185349	1.950078e+04	4.743953e-02	7.412360390978320	0.349097921921218	83.289917310880185	-0.258364709019246	0.5028337387
10.382773264456636	1.816046e+04	4.740810e-02	7.442302386797484	0.343670208528456	83.012525454858704	-0.201495830543791	0.5001147501
10.431800759176717	1.715292e+04	4.902749e-02	7.473304669263776	0.338096122472836	82.785619213497512	-0.296174057274280	0.4966277528
10.482142866535980	1.683408e+04	5.034211e-02	7.505173238314452	0.332414280452485	82.519879964234079	-0.261760812622309	0.4934913137
10.532851483763491	1.648853e+04	5.070862e-02	7.537304586636260	0.326734230394527	82.240606423131197	-0.225192549631494	0.4905214988
10.583979366392970	1.655090e+04	5.112788e-02	7.569728176158425	0.321051399374676	81.949866989594398	-0.191981476587451	0.4876873516
10.634901410684908	1.757067e+04	5.092204e-02	7.602045556571298	0.315435421372328	81.660028263713102	-0.176578443525649	0.4849181017
10.684218503236194	1.863550e+04	4.931709e-02	7.633357178484851	0.310039575795784	81.344188763051278	-0.098136916156189	0.4827019289
10.732007562394962	1.790454e+04	4.778906e-02	7.663716860383987	0.304849876656189	81.078195395007143	-0.148977080639154	0.4801228228
10.780665706632579	1.945212e+04	4.865814e-02	7.694660508574979	0.299602495633944	80.853448319487327	-0.257983984655722	0.4769944962
10.827254191593619	1.944996e+04	4.658848e-02	7.724300990426560	0.294615527333014	80.554036667400723	-0.111870131547850	0.4750361601
10.873755786820929	2.183545e+04	4.650160e-02	7.753907209364123	0.289672384513881	80.314703232163865	-0.185623246435067	0.4724185424
10.917559949961062	2.137421e+04	4.380416e-02	7.781801548587918	0.285049475698156	80.021857906473002	-0.053325444503344	0.4707833959
10.961754802861449	2.059871e+04	4.419485e-02	7.809965413823752	0.280415401366548	79.813910692399631	-0.204925025936175	0.4681384776
11.006692648484272	2.233367e+04	4.493785e-02	7.838626890064600	0.275733638078236	79.593421002258722	-0.231945804531853	0.4655909497
11.049770767113586	2.071548e+04	4.307812e-02	7.866108866772979	0.271276582789330	79.310230610639152	-0.067671367776828	0.4640241333
11.094421571655557	2.022311e+04	4.465080e-02	7.894625373506949	0.266684551436517	79.145103100087056	-0.308223614921263	0.4609312733
11.139530970018919	2.013430e+04	4.510940e-02	7.923459200938058	0.262075028898502	78.913616608175161	-0.233884277787290	0.4585962284
11.184657415097043	1.784025e+04	4.512645e-02	7.952324384374212	0.257493974925034	78.677328866313218	-0.195173416332197	0.4563492871
11.232510423530083	1.864161e+04	4.785301e-02	7.982973889869958	0.252666003666824	78.503620818591855	-0.351797445539446	0.4531117757
11.279233640428529	1.941169e+04	4.672322e-02	8.012910474571440	0.247985988578618	78.199234364836940	-0.094514532615126	0.4515470176
11.324935085329027	2.213518e+04	4.570144e-02	8.042208370962022	0.243439555247906	77.964141778172944	-0.148015379560287	0.4493275861
11.367654732337936	2.339627e+04	4.271965e-02	8.069593720884340	0.239219760732156	77.674395177951752	0.010404382700830	0.4480929196
11.409136535303581	2.120076e+04	4.148180e-02	8.096200793183096	0.235147232072095	77.486724814219116	-0.171630596100964	0.4458414381
11.452641665894735	2.057439e+04	4.350513e-02	8.124133901216039	0.230900440784608	77.316646135733833	-0.300747975832629	0.4432019064
11.496728077220036	2.136610e+04	4.408641e-02	8.152462262884683	0.226623279880302	77.098242065912743	-0.225147927125045	0.4410862390
11.539914753473720	1.951837e+04	4.318668e-02	8.180226785470230	0.222459995578859	76.865654011646981	-0.150092802481215	0.4392564690
11.585022625144536	1.867631e+04	4.510787e-02	8.209265066852954	0.218135840244409	76.728363854451061	-0.383755240542390	0.4361683423
11.631054543692926	1.938169e+04	4.603192e-02	8.238924809771820	0.213750608348731	76.503455964513023	-0.251465891139359	0.4340153851
11.676159647796725	2.114582e+04	4.510510e-02	8.268005629791853	0.209481518005661	76.271388052682070	-0.176512097074733	0.4320691520
11.719266282693859	2.218555e+04	4.310663e-02	8.295802103057927	0.205428947770329	76.009056918672741	-0.043389523463635	0.4306981571
11.761280135873466	2.064372e+04	4.201385e-02	8.322909234206859	0.201502950302564	75.819963315829511	-0.171168692868913	0.4286336244
11.804763714822206	1.929045e+04	4.348358e-02	8.350992676652821	0.197462431976185	75.657869602108107	-0.301824225035303	0.4261439499
11.849670973415201	1.761938e+04	4.490726e-02	8.380022873310338	0.193314165269065	75.464402257587807	-0.275415876523718	0.4238956568
11.896578112417993	1.709698e+04	4.690714e-02	8.410376608027383	0.189007397178312	75.271196413143358	-0.286232830993500	0.4214779734
11.944110470643123	1.778249e+04	4.753236e-02	8.441161402337713	0.184671104290291	75.054932101593863	-0.237199589141313	0.4192892865
11.990632576743735	1.840897e+04	4.652211e-02	8.471306619638712	0.180455441999629	74.810081642441233	-0.135705826904130	0.4175489446
12.036274808636451	1.778736e+04	4.564223e-02	8.500893555260028	0.176346925766690	74.576378170753387	-0.113988054948697	0.4157981394
12.082626835923881	1.663211e+04	4.635203e-02	8.530960458784419	0.172200955368735	74.372620316607083	-0.188667006156327	0.4136746412
12.130477075298396	1.519840e+04	4.785024e-02	8.562033170741360	0.167946888383070	74.200329244119629	-0.305708578078486	0.4110895802
12.180442488276809	1.553419e+04	4.996541e-02	8.594513200528302	0.163533031677152	73.995086753037725	-0.280840752784914	0.4087043268
12.229771436281073	1.478777e+04	4.932895e-02	8.626598766526794	0.159205414630193	73.747005827238269	-0.160346630642979	0.4068846163
12.280235892291392	1.407750e+04	5.046446e-02	8.659457421589495	0.154806763651069	73.561515195979013	-0.279618567219863	0.4043016150
12.331859542570355	1.389166e+04	5.162365e-02	8.693102126594027	0.150337342685518	73.340501380287236	-0.242640417016000	0.4020376792
12.383726679875545	1.488715e+04	5.186714e-02	8.726934260163787	0.145877773555306	73.115060636007740	-0.219457512514734	0.3998343017
12.433732449623745	1.571673e+04	5.000577e-02	8.759559917338093	0.141609863322775	72.837247010099375	-0.061910492791765	0.3984051499
12.482309886124483	1.581428e+04	4.857744e-02	8.791270888604418	0.137491965235923	72.624977641818205	-0.148222035184496	0.3964166083
12.530649844336022	1.480613e+04	4.833996e-02	8.822850230191897	0.133420577148627	72.426068714991573	-0.206312891022703	0.3943322583
12.580518956352662	1.618319e+04	4.986911e-02	8.855459790089931	0.129246841727057	72.237067268241191	-0.264105960516963	0.3920354083
12.628131253630926	1.543379e+04	4.761230e-02	8.886600652157714	0.125289679532516	71.973124952836059	-0.063005544832929	0.3907789308
12.676800278640016	1.631881e+04	4.866903e-02	8.918461888676845	0.121269578187726	71.807182810669133	-0.259295519295103	0.3883946083
12.724046552115290	1.411522e+04	4.724627e-02	8.949402941605975	0.117392977525884	71.564498102598250	-0.103315501502110	0.3869914812
12.774759153902155	1.408383e+04	5.071260e-02	8.982657823346916	0.113256254068690	71.429408593561661	-0.367599659950308	0.3841582584
12.825434182958711	1.406643e+04	5.067503e-02	9.015909520294962	0.109150438731648	71.186373184466476	-0.174759562665629	0.3825220581
12.876046950403815	1.389977e+04	5.061277e-02	9.049142941745389	0.105077029324858	70.974365014297646	-0.184756910758350	0.3805865840
12.926868657042510	1.417448e+04	5.082171e-02	9.082536838999005	0.101013976300272	70.763442084020085	-0.189880885762260	0.3786512964
12.977102872503115	1.336779e+04	5.023422e-02	9.115564520207595	0.097024762189085	70.545765795178127	-0.164502118991611	0.3768653762
13.028736810599291	1.445834e+04	5.163394e-02	9.149542870377399	0.092950778161393	70.357604685266253	-0.243910132679314	0.3746783263
13.078292996211287	1.436373e+04	4.955619e-02	9.182161260578811	0.089068217842390	70.099369587338657	-0.061952546878800	0.3734357398
13.127923736764586	1.524727e+04	4.963074e-02	9.214854533676869	0.085204325630287	69.925771280215315	-0.222507222162253	0.3713119015
13.176009503124744	1.546330e+04	4.808577e-02	9.246542234227926	0.081485353842110	69.698484016065279	-0.110064023946263	0.3699083328
13.223676311433429	1.435391e+04	4.766681e-02	9.277972280906647	0.077821715481866	69.510311019144467	-0.172260476094632	0.3681469241
13.273067003559682	1.455013e+04	4.939069e-02	9.310568026964241	0.074048325627298	69.339857984460195	-0.258609714788277	0.3660870980
13.322037583232031	1.561309e+04	4.897058e-02	9.342905416809504	0.070330861105398	69.129067340012014	-0.168044172393975	0.3645118066
13.369229904149474	1.489729e+04	4.719232e-02	9.374080404400960	0.066771306474519	68.918199590203628	-0.112225116047071	0.3630989408
13.417462305902939	1.557036e+04	4.823240e-02	9.405968399362473	0.063154751899633	68.755887024342798	-0.242324815841186	0.3611174933
13.464560652265252	1.637086e+04	4.709835e-02	9.437119104739201	0.059645416044196	68.541761055200880	-0.119793978946149	0.3597907765
13.510417197699830	1.589791e+04	4.585655e-02	9.467462062112572	0.056249281422375	68.354233896800437	-0.137669669805502	0.3583003983
13.556876211686735	1.601025e+04	4.645901e-02	9.498228849023215	0.052827864958043	68.201660043400622	-0.254100990854860	0.3564191851
13.603096901285358	1.495621e+04	4.622069e-02	9.528856897507424	0.049443821809919	68.017966226620658	-0.193277825491923	0.3549025771
13.650841645898538	1.512105e+04	4.774474e-02	9.560523000682524	0.045967882644715	67.862529980316751	-0.272428617520414	0.3529992696
13.698246743405903	1.595782e+04	4.740510e-02	9.591977258620123	0.042537917926483	67.652702953860953	-0.129601764056694	0.3517095208
13.744316502848410	1.599926e+04	4.606976e-02	9.622551023680671	0.039225458549447	67.441629998678337	-0.056118008179639	0.3505516919
13.790253405663474	1.615942e+04	4.593690e-02	9.653054699282428	0.035941503651001	67.282291276706772	-0.187182249575778	0.3488855680
13.835889823934874	1.661075e+04	4.563642e-02	9.683379538654913	0.032697309868024	67.120358275591016	-0.217064692520871	0.3472877439
13.880831445471754	1.641501e+04	4.494162e-02	9.713258033293366	0.029520678409221	66.942547824710289	-0.165532669107437	0.3459231276
13.925970635687740	1.489435e+04	4.513919e-02	9.743289136559579	0.026347454113536	66.790168787835213	-0.230013881846925	0.3442999804
13.973285026064762	1.556283e+04	4.731439e-02	9.774798035752029	0.023039040134055	66.649179465080010	-0.308411318204262	0.3424253111
14.019497437562920	1.643982e+04	4.621241e-02	9.805584272910442	0.019827041579426	66.442983681326595	-0.114445366257407	0.3413187677
14.064389710771735	1.813187e+04	4.489227e-02	9.835503803299844	0.016724735203190	66.271129130065361	-0.138062705247079	0.3399697528
14.107070971139541	1.803315e+04	4.268126e-02	9.863954637196999	0.013792172389963	66.082980830852733	-0.058027295409046	0.3389584019
14.149807123339494	1.718129e+04	4.273615e-02	9.892458800373833	0.010871028305127	65.945139078423523	-0.203817525450369	0.3374430782
14.193526783190409	1.774912e+04	4.371966e-02	9.921644797875611	0.007897400453317	65.819590096773297	-0.304292182320426	0.3357511280
14.236478106816159	1.789165e+04	4.295132e-02	9.950333408153533	0.004991450015712	65.653579667928810	-0.186015484232875	0.3345408315
14.279196285858553	1.705330e+04	4.271818e-02	9.978878233719254	0.002116647361161	65.489261398536271	-0.145772767710579	0.3333446561
14.322889274937705	1.540262e+04	4.369299e-02	10.008095855997432	-0.000808930701096	65.356557587709915	-0.253721583148568	0.3317768995