0.572317590245468	6.178198e+03	2.500000e-02	1.030248218299796	8.706398732242272	1139.913624087439985	0.496339177702460	0.9975594518
0.634817590245468	5.446562e+03	6.250000e-02	1.104020018075352	8.057806775490437	1027.877801301529644	0.495497646785067	0.9969984312
0.697317590245468	4.654752e+03	6.250000e-02	1.175424416740749	7.507565316473764	935.943486811407297	0.494569706742728	0.9963798045
0.759817590245468	4.865739e+03	6.250000e-02	1.244743827098521	7.033781555928540	859.150230279858874	0.493555572904462	0.9957037153
0.822317590245468	5.246471e+03	6.250000e-02	1.312207173638815	6.620747852086119	794.045651943525399	0.492455480372780	0.9949703202
0.884817590245467	5.882392e+03	6.250000e-02	1.378003322783638	6.256876550776006	738.152821662703218	0.491269683907524	0.9941797893
0.947317590245467	6.632271e+03	6.250000e-02	1.442290432840803	5.933416302501243	689.648478594669427	0.489998457800482	0.9933323052
1.009817590245467	7.422442e+03	6.250000e-02	1.505202650346798	5.643623699238109	647.160745418756619	0.488642095740776	0.9924280638
1.072317590245467	8.997798e+03	6.250000e-02	1.566855023249485	5.382211405405653	609.637583919419171	0.487200910671052	0.9914672738
1.134817590245467	1.178931e+04	6.250000e-02	1.627347181805292	5.144970238561225	576.258719383442440	0.485675234634573	0.9904501564
1.197317590245467	1.430546e+04	6.250000e-02	1.686766146954425	4.928504089352105	546.375150293751858	0.484065418613327	0.9893769457
1.259817590245466	1.716812e+04	6.250000e-02	1.745188507637170	4.730040025039535	519.466663701511720	0.482371832357260	0.9882478882
1.322317590245466	2.423449e+04	6.250000e-02	1.802682133048462	4.547289683894131	495.111398943258507	0.480594864204785	0.9870632428
1.384817590245466	2.795075e+04	6.250000e-02	1.859307536395960	4.378346402760125	472.963653315678641	0.478734920894707	0.9858232806
1.447317590245466	2.881604e+04	6.250000e-02	1.915118973578878	4.221607711040794	452.737438301027964	0.476792427369713	0.9845282849
1.509817590245466	2.850701e+04	6.250000e-02	1.970165337505403	4.075716138962157	434.194120005261482	0.474767826571596	0.9831785510
1.572317590245466	2.848413e+04	6.250000e-02	2.024490892926543	3.939513452463252	417.133007369694838	0.472661579228373	0.9817743862
1.634817590245465	2.796236e+04	6.250000e-02	2.078135885420852	3.812004869438486	401.384099290771417	0.470474163633468	0.9803161091
1.697317590245465	3.005065e+04	6.250000e-02	2.131137050059313	3.692330791077788	386.802434168465709	0.468206075417156	0.9788040503
1.759817590245465	3.011808e+04	6.250000e-02	2.183528039353604	3.579744257811467	373.263643511017108	0.465857827310430	0.9772385515
1.822317590245465	2.983282e+04	6.250000e-02	2.235339785701797	3.473592813031978	360.660420527452004	0.463429948901497	0.9756199659
1.884817590245465	3.162576e+04	6.250000e-02	2.286600810255543	3.373303794501163	348.899691322790716	0.460922986385102	0.9739486576
1.947317590245465	3.485080e+04	6.250000e-02	2.337337487639648	3.278372315885997	337.900330843567190	0.458337502304862	0.9722250015
2.009817590245464	3.836489e+04	6.250000e-02	2.387574274046106	3.188351377673997	327.591304991620973	0.455674075288836	0.9704493835
2.069371647505685	4.241103e+04	5.955406e-02	2.434998880435051	3.106778068913667	318.353202859230692	0.453064214594935	0.9687094764
2.125459399130200	4.888750e+04	5.608775e-02	2.479283509950691	3.033423349876951	310.131055277669645	0.450542515586004	0.9670283437
2.177231381592946	5.337506e+04	5.177198e-02	2.519846457052590	2.968495767673394	302.921660430914585	0.448160371658028	0.9654402478
2.226378786866069	5.802337e+04	4.914741e-02	2.558084070280905	2.909175666342308	296.391534817299942	0.445850937084672	0.9639006247
2.273162848417946	5.861400e+04	4.678406e-02	2.594247635608813	2.854682129315392	290.440908010052681	0.443609367610807	0.9624062451
2.319385028240832	5.292021e+04	4.622218e-02	2.629758562646785	2.802630455145378	284.800460140174152	0.441353626305903	0.9609024175
2.367700707913955	5.110004e+04	4.831568e-02	2.666653049160867	2.750019149715321	279.143035993506203	0.438952351301192	0.9593015675
2.416528031496497	5.209769e+04	4.882732e-02	2.703711981273484	2.698618813417348	273.658665680870115	0.436480930635969	0.9576539538
2.464553031517354	5.218784e+04	4.802500e-02	2.739946924345057	2.649705733767215	268.479405480821413	0.434006588175034	0.9560043921
2.512218194728635	4.907512e+04	4.766516e-02	2.775705873314593	2.602687192522513	263.537642702178459	0.431508414019755	0.9543389427
2.561054115055819	4.961498e+04	4.883592e-02	2.812138145436632	2.556013070064640	258.668208575049903	0.428905430964518	0.9526036206
2.609307974851458	4.780400e+04	4.825386e-02	2.847938420508437	2.511311876685424	254.038694372095307	0.426290614159746	0.9508604094
2.658157392616006	4.650722e+04	4.884942e-02	2.883986193112583	2.467422979999553	249.526082333912314	0.423600478145480	0.9490669854
2.707372680392657	4.827420e+04	4.921529e-02	2.920111962658283	2.424526226349431	245.147179678173245	0.420846753157362	0.9472311688
2.755379121568342	4.201274e+04	4.800644e-02	2.955170067949224	2.383900002391274	241.029232639699671	0.418119007084194	0.9454126714
2.806532585582043	4.233208e+04	5.115346e-02	2.992336059034485	2.341870633082110	236.799234580335110	0.415167562048408	0.9434450414
2.857175280547749	4.016080e+04	5.064269e-02	3.028943098901096	2.301481630218808	232.763533911445052	0.412200376773934	0.9414669178
2.908853797744614	4.098380e+04	5.167852e-02	3.066111840914115	2.261459633194153	228.793028429870986	0.409126561187594	0.9394177075
2.959699785831167	3.873257e+04	5.084599e-02	3.102502741371586	2.223204243029645	225.024595305618163	0.406057403839545	0.9373716026
3.011694902476168	3.818848e+04	5.199512e-02	3.139537716975480	2.185182310736387	221.305389825448145	0.402873317664055	0.9352488784
3.063749342174310	3.605585e+04	5.205444e-02	3.176439466853827	2.148178992343498	217.711185342706131	0.399639907727916	0.9330932718
3.117009032970329	3.723831e+04	5.325969e-02	3.214019155573406	2.111369135015601	214.160848324875673	0.396284807045163	0.9308565380
3.169109019916149	4.022918e+04	5.209999e-02	3.250612817180428	2.076343004355090	210.806010751625337	0.392957422758391	0.9286382818
3.218951956201906	4.229827e+04	4.984294e-02	3.285470271929853	2.043704301766851	207.700637863643863	0.389732665602085	0.9264884437
3.267301984841601	4.228130e+04	4.835003e-02	3.319146471050118	2.012822750433241	204.781093809880332	0.386566111511134	0.9243774077
3.315415761291068	4.404461e+04	4.811378e-02	3.352527504669915	1.982824148667078	201.962545264214327	0.383377897702497	0.9222519318
3.362321312836915	4.416033e+04	4.690555e-02	3.384948049718861	1.954255088443841	199.294508107548495	0.380234460731048	0.9201563072
3.408940495984318	4.482865e+04	4.661918e-02	3.417054083787930	1.926497431645751	196.717516424381387	0.377076060237803	0.9180507068
3.454992976435738	4.532203e+04	4.605248e-02	3.448658532245372	1.899678210092068	194.242066901609462	0.373922974152995	0.9159486494
3.500583759382624	4.253439e+04	4.559078e-02	3.479839806789493	1.873695501870249	191.857459008456658	0.370769459711562	0.9138463065
3.547433484933280	3.960556e+04	4.684973e-02	3.511774573907969	1.847563187654101	189.472766497306338	0.367496013677627	0.9116640091
3.595763328143851	3.964709e+04	4.832984e-02	3.544606817172928	1.821187374450659	187.079849832727518	0.364084648889212	0.9093897659
3.643843624414213	3.985874e+04	4.808030e-02	3.577160028416283	1.795513737311692	184.764259640741159	0.360656535434901	0.9071043570
3.691577408445475	4.029498e+04	4.773378e-02	3.609373276145806	1.770564093796996	182.526956578615426	0.357219627183730	0.9048130848
3.738839769560292	3.490297e+04	4.726236e-02	3.641167509034233	1.746371864295899	180.369903117710777	0.353784170424828	0.9025227803
3.789399560152446	3.369791e+04	5.055979e-02	3.675071637950968	1.721035393360519	178.123953966728976	0.350073679476699	0.9000491197
3.840617535981841	3.574801e+04	5.121798e-02	3.709305853883259	1.695922200519279	175.911169466192433	0.346278113702149	0.8975187425
3.890115182368388	3.466379e+04	4.949765e-02	3.742286535879370	1.672163102457407	173.830062882351541	0.342575340690836	0.8950502271
3.940158977886781	3.464274e+04	5.004380e-02	3.775530205943480	1.648634616737509	171.781109448892209	0.338797515858646	0.8925316772
3.989997105393966	3.561311e+04	4.983813e-02	3.808538979382256	1.625678784997495	169.793589476304192	0.335001514608508	0.8900010097
4.038938084856828	3.557141e+04	4.894098e-02	3.840860538879141	1.603583207141973	167.891431819105634	0.331241572148825	0.8874943814
4.087701260640053	3.746069e+04	4.876318e-02	3.872975312290482	1.581994253427344	166.043285549202267	0.327463930595127	0.8849759537
4.135021460691229	3.977535e+04	4.732020e-02	3.904056593908187	1.561438278226756	164.293199085895651	0.323768570403472	0.8825123803
4.180760994185891	3.947639e+04	4.573953e-02	3.934023674804210	1.541926746411276	162.640795136752388	0.320169414235746	0.8801129428
4.226498198888980	3.809309e+04	4.573720e-02	3.963916325763450	1.522757590770790	161.025761577123262	0.316544045258831	0.8776960302
4.272882544871281	3.779870e+04	4.638435e-02	3.994159232296790	1.503655818010447	159.424726694769106	0.312840802498421	0.8752272017
4.319270547625076	3.834533e+04	4.638800e-02	4.024333043756418	1.484883803420439	157.859486914871781	0.309110885721739	0.8727405905
4.365153735315148	4.011783e+04	4.588319e-02	4.054109846140790	1.466632720748614	156.345495006353246	0.305395986471237	0.8702639910
4.409846822300331	3.942887e+04	4.469309e-02	4.083050222183970	1.449149399551380	154.902469341231409	0.301753351221178	0.8678355675
4.454768634187574	3.787426e+04	4.492181e-02	4.112076466026160	1.431861392320807	153.482619316965952	0.298068471692620	0.8653789811
4.500441064490317	3.647136e+04	4.567243e-02	4.141525249875344	1.414569366757088	152.069509285766657	0.294298126306035	0.8628654175
4.546817854674488	3.568855e+04	4.637679e-02	4.171365271880709	1.397296651868462	150.665089235933380	0.290445365385655	0.8602969103
4.593532518302308	3.357809e+04	4.671466e-02	4.201360144260679	1.380181573736454	149.280550278385192	0.286540207935199	0.8576934720
4.641520651665116	3.215988e+04	4.798813e-02	4.232108945443811	1.362888131877078	147.888778744138250	0.282503590699682	0.8550023938
4.690377021085242	3.334499e+04	4.885637e-02	4.263349380335706	1.345573657679582	146.502617318511795	0.278368355209541	0.8522455701
4.738181217669829	3.323021e+04	4.780420e-02	4.293855451898094	1.328909324504511	145.175459056454343	0.274297629353350	0.8495317529
4.785897497114466	3.300882e+04	4.771628e-02	4.324246246759183	1.312541753951807	143.878626152672922	0.270210610049955	0.8468070734
4.833604993567564	3.320750e+04	4.770750e-02	4.354573857993817	1.296435960465503	142.609055973150760	0.266101020685692	0.8440673471
4.881003637268709	3.288758e+04	4.739864e-02	4.384649569478476	1.280683972924530	141.373679641091286	0.261995366012680	0.8413302440
4.928468629081672	3.058043e+04	4.746499e-02	4.414713314097156	1.265152749119130	140.161766463313768	0.257861742892034	0.8385744953
4.977523681516368	3.181962e+04	4.905505e-02	4.445728820937245	1.249349972248601	138.934977652155624	0.253566726778806	0.8357111512
5.025445999257896	3.165039e+04	4.792232e-02	4.475975246071594	1.234149978549736	137.761037214838439	0.249348834302925	0.8328992229
5.073333641346747	3.108538e+04	4.788764e-02	4.506148960202284	1.219189842217532	136.611460823768937	0.245112659512890	0.8300751063
5.121492469357286	3.237654e+04	4.815883e-02	4.536443684275076	1.204369919693603	135.478412235001315	0.240831425356061	0.8272209502
5.168523427700509	3.112373e+04	4.703096e-02	4.565981951870726	1.190109401528165	134.393577891319836	0.236630484711695	0.8244203231
5.216336198463373	2.940976e+04	4.781277e-02	4.595964969987190	1.175821631649180	133.312064826318618	0.232339905840038	0.8215599372
5.265361778395929	2.923557e+04	4.902558e-02	4.626661422577292	1.161385735122471	132.224862511243941	0.227920207052531	0.8186134714
5.314369799151245	2.916707e+04	4.900802e-02	4.657300555755430	1.147166557168430	131.159448368586993	0.223482021201049	0.8156546808
5.363273670983101	2.923970e+04	4.890387e-02	4.687829737130027	1.133183276857273	130.117038852428522	0.219033724702628	0.8126891498
5.411957465592111	2.948197e+04	4.868379e-02	4.718178334902031	1.119462065693124	129.099339722430614	0.214586511050751	0.8097243407
5.460284634323443	3.189925e+04	4.832717e-02	4.748263241081257	1.106033194091159	128.108320957202807	0.210153634942160	0.8067690900
5.506597236260212	3.462529e+04	4.631260e-02	4.777056471936911	1.093339289318761	127.176117801325162	0.205888903945620	0.8039259360
5.550915210655635	3.469254e+04	4.431797e-02	4.804576183453439	1.081349034372515	126.299700892237510	0.201792959590286	0.8011953064
5.595063232039672	3.369122e+04	4.414802e-02	4.831958770020987	1.069554082713451	125.441482504983483	0.197698584550421	0.7984657230
5.639735378863873	3.223286e+04	4.467215e-02	4.859635253800275	1.057767605537868	124.587791834639177	0.193541579049786	0.7956943860
5.685276691687250	3.092305e+04	4.554131e-02	4.887818863689778	1.045902329623376	123.732367748301186	0.189289529023689	0.7928596860
5.731638256759278	3.293881e+04	4.636157e-02	4.916478535309894	1.033976133157202	122.876595206533921	0.184946579758917	0.7899643865
5.776427710006060	3.131201e+04	4.478945e-02	4.944137038884008	1.022597658874197	122.063927789086506	0.180737540214234	0.7871583601
5.822237268735273	3.086848e+04	4.580956e-02	4.972396588296592	1.011102658934477	121.246732552359134	0.176419419968685	0.7842796133
5.868243465510935	3.115291e+04	4.600620e-02	5.000748954308706	0.999700463144402	120.439926344726899	0.172069678993297	0.7813797860
5.913909150082064	3.008962e+04	4.566568e-02	5.028864142184573	0.988520611665586	119.652542247370363	0.167739529507331	0.7784930197
5.960244612123740	2.881929e+04	4.633546e-02	5.057364774574736	0.977314361478084	118.866987679623733	0.163333408047918	0.7755556054
6.007456677624400	2.812099e+04	4.721207e-02	5.086377646866236	0.966035692642895	118.080108857226094	0.158831405033291	0.7725542700
6.055114833765486	2.771937e+04	4.765816e-02	5.115638019356489	0.954790382384782	117.299328598332238	0.154274443746447	0.7695162958
6.102979518475850	2.667764e+04	4.786468e-02	5.144999228374919	0.943634888193863	116.528528549378123	0.149685582328430	0.7664570549
6.151630373724618	2.558848e+04	4.865086e-02	5.174817015251418	0.932435479462872	115.758469081886744	0.145009290263389	0.7633395268
6.201162513941435	2.627688e+04	4.953214e-02	5.205149366892714	0.921174455358548	114.988010846024437	0.140236239520220	0.7601574930
6.249898902838031	2.642842e+04	4.873639e-02	5.234970238351819	0.910230535168889	114.242959019172133	0.135528436281329	0.7570189575
6.298356750546031	2.594675e+04	4.845785e-02	5.264597864944977	0.899480312938302	113.514677595195010	0.130836719471843	0.7538911463
6.347124497672069	2.578974e+04	4.876775e-02	5.294392959750617	0.888790665147574	112.794043362733959	0.126104527603067	0.7507363517
6.395902637745810	2.659928e+04	4.877814e-02	5.324173266875178	0.878225876347019	112.085319645422189	0.121361241665349	0.7475741611
6.443798256494328	2.600827e+04	4.789562e-02	5.353395108912600	0.867973462924771	111.400891620742371	0.116694365785039	0.7444629105
6.492102630835115	2.530977e+04	4.830437e-02	5.382847499875189	0.857752797238240	110.721877767468627	0.111978623831444	0.7413190826
6.540934875272534	2.423273e+04	4.883224e-02	5.412603418033728	0.847539756317998	110.046676074358601	0.107202533541816	0.7381350224
6.590703142321415	2.531493e+04	4.976827e-02	5.442911673048680	0.837251934385848	109.369891285003902	0.102326203152238	0.7348841354
6.639260249078389	2.464642e+04	4.855711e-02	5.472465703768334	0.827329862133994	108.720381726831604	0.097560501163554	0.7317070008
