0.571910036181453	5.555555e+03	2.500000e-02	1.030246697038327	8.706413064703071	1139.449990567529539	0.531276797860561	1.0006094979
0.634410036181452	4.878076e+03	6.250000e-02	1.103996000382285	8.058003830210671	1026.195494434819693	0.561634602923819	1.0025733234
0.696910036181452	4.188747e+03	6.250000e-02	1.175270654116300	7.508678375466729	932.305493322129450	0.592915027748987	1.0068127087
0.759410036181452	3.698617e+03	6.250000e-02	1.244234540150133	7.037069923162052	852.606145762320580	0.625302606286648	1.0145540162
0.821910036181452	3.291960e+03	6.250000e-02	1.310883180006720	6.628444816836186	781.599553586239381	0.707616092126054	1.0323293463
0.884410036181452	3.044264e+03	6.250000e-02	1.375085157730646	6.272276879566768	716.523254969223899	0.848236481739912	1.0642152750
0.946910036181452	3.380876e+03	6.250000e-02	1.436852967128295	5.959654347922651	659.285585819507787	0.953946980738147	1.1017795391
1.009410036181451	4.050545e+03	6.250000e-02	1.496306994507812	5.683120533891076	609.527180540116206	1.018705622759722	1.1413808455
1.071910036181451	4.965282e+03	6.250000e-02	1.553614844205931	5.436601733881543	566.275863749146083	1.054385272448141	1.1813882936
1.134410036181451	6.172693e+03	6.250000e-02	1.608962758762662	5.215184251803492	528.644237343259874	1.066846223949252	1.2204327998
1.196910036181451	7.861529e+03	6.250000e-02	1.662524110069912	5.014950363384195	495.616789346293842	1.070758536165919	1.2585862282
1.259410036181451	9.907733e+03	6.250000e-02	1.714455246316705	4.832756510549787	466.441854356094836	1.069687308243593	1.2957027086
1.321910036181450	1.199532e+04	6.250000e-02	1.764897548382892	4.666051272586682	440.539614505673057	1.063873564240597	1.3315283495
1.384410036181450	1.409506e+04	6.250000e-02	1.813985563807342	4.512723033479483	417.518420163452447	1.048234884271147	1.3652937156
1.446910036181450	1.642654e+04	6.250000e-02	1.861839331974820	4.371032735350572	396.920381284991834	1.029879211025492	1.3971577689
1.509410036181450	1.917104e+04	6.250000e-02	1.908565811958789	4.239536377179916	378.400674024355396	1.009618112771338	1.4270974461
1.571910036181450	2.601965e+04	6.250000e-02	1.954261454406533	4.117022585412854	361.686476914887976	0.986906790082421	1.4550111147
1.634410036181450	3.385474e+04	6.250000e-02	1.999021558506778	4.002447301003480	346.639187559169670	0.953283159845570	1.4800319885
1.696910036181450	4.208855e+04	6.250000e-02	2.042929768806253	3.894930874615091	332.985457027686209	0.920480536359649	1.5026851983
1.758377901155100	4.092286e+04	6.146786e-02	2.085336945416953	3.795388113166789	320.555707374754661	0.908663741052661	1.5245550523
1.820077977130604	4.117961e+04	6.170008e-02	2.127208476224405	3.700996687334126	309.342095418558301	0.860136412401743	1.5423063305
1.880977045901188	3.974415e+04	6.089907e-02	2.167887247751538	3.612786024905896	298.889491547425678	0.858472967567775	1.5608008294
1.942381778962017	3.657563e+04	6.140473e-02	2.208325215675980	3.528318532530522	289.494322523068718	0.795968512159925	1.5740178591
2.004881778962017	4.148225e+04	6.250000e-02	2.248952730821199	3.446514087625367	280.756494546764884	0.740650902759007	1.5844489353
2.063893120999224	4.753466e+04	5.901134e-02	2.286783247744159	3.372954896300159	272.249898044764223	0.832635590860342	1.6027596266
2.118561865322476	4.975191e+04	5.466874e-02	2.321383853343765	3.307775289121534	264.937714936464374	0.842158487521953	1.6178952550
2.171598803806663	5.223141e+04	5.303694e-02	2.354608564487015	3.246990413108704	258.819234878279076	0.728144271935129	1.6245369571
2.222995068824959	4.945458e+04	5.139627e-02	2.386506530126336	3.190225282756978	253.108988024213289	0.696594351395061	1.6314577667
2.275460379745817	4.801899e+04	5.246531e-02	2.418826276229999	3.134236550293341	248.081202191060527	0.569743343509071	1.6310869115
2.328347261254013	4.416101e+04	5.288688e-02	2.451162364394324	3.079697104223031	242.979799648372250	0.577109677826829	1.6338879628
2.383130951367986	4.301293e+04	5.478369e-02	2.484445886484676	3.025042386473278	238.332448718182434	0.487701919403890	1.6308870190
2.438267873110504	4.143705e+04	5.513692e-02	2.517718009193505	2.971850685217633	233.558259382296995	0.519180852980053	1.6318007658
2.494071038025477	4.726510e+04	5.580316e-02	2.551185012391655	2.919747078878186	229.143896261974504	0.477666810294107	1.6294325980
2.545976796679753	4.596944e+04	5.190576e-02	2.582066293736224	2.872867255290375	224.425796778954322	0.653058318732223	1.6384422368
2.598293277351055	4.986652e+04	5.231648e-02	2.613029497685975	2.826975550354758	220.884104481063815	0.446820870741038	1.6319880978
2.648225412008447	5.063993e+04	4.993213e-02	2.642395088414884	2.784445423715491	216.949549138803860	0.561483800127404	1.6359426981
2.697498681767776	5.700426e+04	4.927327e-02	2.671234300692549	2.743587747958830	213.730498211155265	0.445259293578079	1.6315857638
2.743688596867220	5.827533e+04	4.618992e-02	2.698114033745215	2.706292571377770	210.306197634464809	0.562599502152653	1.6352863308
2.789143870763614	5.819497e+04	4.545527e-02	2.724465253887771	2.670445048154000	207.661210375351061	0.394586573483509	1.6290119458
2.834410007339867	6.104834e+04	4.526614e-02	2.750622980078210	2.635540047627924	205.091144100676644	0.337447600101595	1.6229002802
2.878394980249877	6.280148e+04	4.398497e-02	2.775952489316234	2.602367129295925	202.494771405248969	0.376045915275373	1.6196274829
2.921563369567591	5.380989e+04	4.316839e-02	2.800738994956699	2.570486224531110	200.166541797050996	0.329540592723287	1.6139049927
2.967992380768902	4.940113e+04	4.642901e-02	2.827384212402112	2.536838027225213	198.416475299747106	0.055657885590489	1.5964999337
3.016220012614411	4.528465e+04	4.822763e-02	2.855027358030023	2.502593406635525	196.179355143222665	0.130696391350401	1.5861396583
3.066347524022000	4.259895e+04	5.012751e-02	2.883727555456070	2.467733968515785	194.023720624490238	0.114046451887992	1.5736440822
3.117773226608695	4.333551e+04	5.142570e-02	2.913132977465886	2.432730355034781	191.800089805622662	0.129989743618384	1.5620693489
3.168502039638297	3.866218e+04	5.072881e-02	2.942073575781452	2.398963262617887	189.387455373992680	0.231967366470279	1.5553059941
3.221944553414040	3.499969e+04	5.344251e-02	2.972558273424522	2.364105622218650	187.621050724246032	0.013316167430314	1.5364717960
3.277824953840948	3.332198e+04	5.588040e-02	3.004424215987186	2.328424776630362	185.561240629576645	0.028366085365145	1.5213199325
3.334790304555446	3.875755e+04	5.696535e-02	3.036875200336627	2.292858395659965	183.319773102909096	0.098088295670363	1.5093132843
3.387327296120404	3.880410e+04	5.253699e-02	3.066687441106723	2.260847475343345	180.590306486867320	0.385762988993604	1.5103633469
3.439576928031488	4.001155e+04	5.224963e-02	3.096294728797226	2.229666706788135	178.818799344265301	0.147766999592144	1.4966685144
3.490785538824992	4.292435e+04	5.120861e-02	3.125262977758527	2.199730733434826	176.837527035562317	0.181486857799564	1.4882307855
3.539996479099940	4.149832e+04	4.921094e-02	3.153047847666094	2.171534490795014	174.925911712290684	0.213822163364034	1.4810812222
3.589824799257158	4.756034e+04	4.982832e-02	3.181175369448439	2.143492212356035	173.487487434083135	0.023979471771184	1.4661543845
3.636163144880594	4.688326e+04	4.633835e-02	3.207265289061742	2.117921063188825	171.435889793137534	0.307505016607857	1.4651116029
3.682644679071531	4.733296e+04	4.648153e-02	3.233426333340365	2.092694550325280	170.168546129262410	0.044943973419364	1.4512136752
3.728717362602917	4.572763e+04	4.607268e-02	3.259343338904340	2.068102669834592	168.710298628397027	0.067315931308418	1.4414690739
3.775405056365838	4.214253e+04	4.668769e-02	3.285610538511889	2.043574362446857	167.446893810982630	-0.020301391020815	1.4284873931
3.823843306392786	4.736129e+04	4.843825e-02	3.312888668164510	2.018513750883289	166.294138552639595	-0.117958198191458	1.4128772891
3.869346472233822	4.664569e+04	4.550317e-02	3.338470926922051	1.995383281417292	164.529116011755661	0.212696727233061	1.4104267221
3.915021336136848	4.141000e+04	4.567486e-02	3.364153784895147	1.972515716998258	163.444869803883648	-0.020789277221949	1.3967180432
3.963312346646537	4.203151e+04	4.829101e-02	3.391358912508018	1.948670505831151	162.583805373646783	-0.240754205795412	1.3778534264
4.011052351238812	4.429645e+04	4.774000e-02	3.418254473075196	1.925469732803013	161.156240238499606	-0.003977260772997	1.3695296084
4.057372523701204	4.667454e+04	4.632017e-02	3.444338985122317	1.903314697883860	159.831293508301627	0.055612776085871	1.3609355586
4.102326056084234	4.539012e+04	4.495353e-02	3.469642963475720	1.882140930714809	158.596780358747566	0.058370222430317	1.3521838917
4.147744656283439	4.376455e+04	4.541860e-02	3.495226013245670	1.861045312121030	157.629449406673416	-0.092739060336463	1.3389931114
4.193829483383074	4.190535e+04	4.608483e-02	3.521207435721290	1.839934932135455	156.622590441200884	-0.121294416548719	1.3264632298
4.240751454004319	3.946107e+04	4.692197e-02	3.547687622401381	1.818737460664909	155.620832185050944	-0.136697239861249	1.3137334765
4.288924009432723	3.976468e+04	4.817256e-02	3.574908622117152	1.797274296224597	154.656870024231210	-0.171108640571446	1.3000066762
4.336729258329372	4.027536e+04	4.780525e-02	3.601932731189843	1.776287273054279	153.487190337725963	-0.052375525451136	1.2904101965
4.384051934372773	3.720177e+04	4.732268e-02	3.628695160213823	1.755811540645025	152.420034567429326	-0.056011193055600	1.2798034712
4.433108792834223	3.562489e+04	4.905686e-02	3.656487361286222	1.734865189437536	151.633647059185790	-0.235896192003930	1.2638497900
4.483048729565338	3.702293e+04	4.993994e-02	3.684817429621170	1.713838661208266	150.633209774274746	-0.173825677441629	1.2513807397
4.531848009569583	3.692918e+04	4.879928e-02	3.712507886085789	1.693596971868875	149.469898314772479	-0.035707906429680	1.2427083575
4.580526629506779	3.379011e+04	4.867862e-02	3.740153657423499	1.673686943356428	148.536816860683132	-0.116135270146335	1.2306719213
4.631227719019135	3.550451e+04	5.070109e-02	3.769003103905589	1.653221481732824	147.762074050525086	-0.253942518017166	1.2152717700
4.680499902438823	3.279020e+04	4.927218e-02	3.797040670274658	1.633629941940193	146.537528241877254	-0.005628850784892	1.2084964574
4.731581226300626	3.261361e+04	5.108132e-02	3.826161924523413	1.613585153285325	145.828562279125549	-0.248586550751108	1.1926242255
4.782605363736423	3.211222e+04	5.102414e-02	3.855282253587230	1.593843807595484	144.826160686081863	-0.143775983971119	1.1819967398
4.833831732667154	3.468145e+04	5.122637e-02	3.884555664140354	1.574297001923123	143.934477043879838	-0.170854471769406	1.1698364149
4.882938068133481	3.590886e+04	4.910634e-02	3.912617109421240	1.555834041598621	142.806571501739114	0.002275920247457	1.1630018810
4.931024475368949	3.198884e+04	4.808641e-02	3.940108008744716	1.538001490772816	141.906102388007810	-0.063344460148445	1.1533266481
4.981794047217756	3.131722e+04	5.076957e-02	3.969206166436643	1.519395461127560	141.372973873313953	-0.352027559826058	1.1366718170
5.032916701768763	3.474191e+04	5.112265e-02	3.998543247976985	1.500910801717445	140.417014647663223	-0.170217087644652	1.1270261369
5.081275894148703	3.520045e+04	4.835919e-02	4.026282009849671	1.483680968083348	139.269290935966410	0.063560117156225	1.1221619821
5.129153298557996	4.133324e+04	4.787740e-02	4.053767976979930	1.466840740956771	138.533006738999688	-0.125668875524606	1.1112087904
5.173186235689204	4.223247e+04	4.403294e-02	4.079022589689433	1.451567693024563	137.421102422136130	0.148936694785006	1.1084182403
5.216612801263703	3.947241e+04	4.342657e-02	4.103952547011675	1.436675347837923	136.839115752073809	-0.151485586937171	1.0976183072
5.261395351336557	4.113753e+04	4.478255e-02	4.129711835892824	1.421476460678533	136.328711918443503	-0.321010339620660	1.0852878570
5.305125184353679	4.235536e+04	4.372983e-02	4.154881961426964	1.406807243343581	135.498647168423190	-0.106001301696459	1.0787799420
5.348091019793414	4.284694e+04	4.296584e-02	4.179634625333618	1.392553631216461	134.834382615166618	-0.150527840687880	1.0701942048
5.390682989647822	4.336930e+04	4.259197e-02	4.204198202889065	1.378574823881553	134.201908379780463	-0.182246069979300	1.0614802592
5.432893828546648	4.359937e+04	4.221084e-02	4.228565605368068	1.364868121545809	133.551367413988118	-0.167365759066797	1.0534233842
5.474871675704597	4.293526e+04	4.197785e-02	4.252824973812594	1.351378216027346	132.942727737567736	-0.190523294580970	1.0450020735
5.517052106338932	4.017769e+04	4.218043e-02	4.277234827419303	1.337959079519037	132.383993339367862	-0.240083716594503	1.0359018623
5.560531427695014	4.134639e+04	4.347932e-02	4.302443451809792	1.324260646771213	131.889277015375200	-0.323120527428574	1.0254497031
5.603266102066381	4.404408e+04	4.273467e-02	4.327239954022126	1.310941872013615	131.164363644962492	-0.136726553060363	1.0190939036
5.644552551547104	4.004231e+04	4.128645e-02	4.351206417054977	1.298213194576113	130.474264611558738	-0.076525180268228	1.0129781494
5.687733522354378	4.002259e+04	4.318097e-02	4.376325547892732	1.285021964331505	130.111770530409103	-0.374421075322052	1.0011907198
5.730800998780600	3.877077e+04	4.306748e-02	4.401404887518770	1.272001839312120	129.434093014984342	-0.183121688245037	0.9945062528
5.774433380387376	3.697967e+04	4.363238e-02	4.426848054597129	1.258943581678921	128.888341184677074	-0.239663735207342	0.9857521573
5.818981357358709	3.340670e+04	4.454798e-02	4.452865887852025	1.245744707308893	128.349350753789906	-0.270469837324447	0.9767257871
5.865713984506439	3.291076e+04	4.673263e-02	4.480223800063662	1.232031355187637	127.917719680748149	-0.392273366645018	0.9654244816
5.912653435042267	3.152793e+04	4.693945e-02	4.507740212972974	1.218406458123002	127.244024291854558	-0.222990103521647	0.9579159896
5.960464633222254	2.942823e+04	4.781120e-02	4.535817774501044	1.204674106666474	126.710252194719757	-0.290502345676016	0.9481750987
6.009798703274188	2.979025e+04	4.933407e-02	4.564849299921443	1.190652821807741	126.181566908750980	-0.327415717745646	0.9380104690
6.058675921617358	3.075342e+04	4.887722e-02	4.593639000025556	1.176923349863663	125.436277926843431	-0.148899941117074	0.9314551481
6.106630673585881	3.397950e+04	4.795475e-02	4.621907786199211	1.163608722324471	124.758888152706163	-0.128437649285935	0.9244257433
6.152112480066056	3.277219e+04	4.548181e-02	4.648718559365530	1.151130439990505	123.988974446491696	0.001507873660971	0.9198414031
6.198290730320807	3.345662e+04	4.617825e-02	4.675980680508284	1.138588818744433	123.544498800559040	-0.258290718833970	0.9103615438
6.243860772702920	3.220003e+04	4.557004e-02	4.702910036278209	1.126343035027267	122.924105979309871	-0.169266107624831	0.9038673980
6.290178293048140	2.943740e+04	4.631752e-02	4.730325685985115	1.114019343240517	122.451629917679227	-0.282359966775992	0.8951103557
6.338479897369256	2.746935e+04	4.830160e-02	4.758982404673460	1.101289550929986	122.043011219086296	-0.393563692886252	0.8849336817
6.388331093305636	2.852075e+04	4.985120e-02	4.788619651041858	1.088284459557005	121.521622714560948	-0.338065733312746	0.8760738177
6.437103157408022	2.837004e+04	4.877206e-02	4.817641785153330	1.075704347885992	120.827545204330818	-0.149479832827760	0.8702487986
6.485857085761394	2.838891e+04	4.875393e-02	4.846693630464872	1.063262248957305	120.300572803218003	-0.232219852113249	0.8621974966
6.534448512597185	2.689503e+04	4.859143e-02	4.875687085909735	1.050992982896510	119.739770233962005	-0.222305239221525	0.8548590907
6.584222555187929	2.671496e+04	4.977404e-02	4.905445288209450	1.038550918921802	119.291137879360505	-0.330682436157444	0.8457211284
6.634012347979151	2.779274e+04	4.978979e-02	4.935257014519364	1.026236925570508	118.714787428194967	-0.244610035093159	0.8385710980
6.682679532086825	2.761736e+04	4.866718e-02	4.964422074688136	1.014333158936370	118.084304409507368	-0.146990720238314	0.8326996962
6.731357379180972	2.894791e+04	4.867785e-02	4.993632344078887	1.002550310268101	117.577095772942869	-0.226914390785959	0.8252465200
6.778764098803981	3.298972e+04	4.740672e-02	5.022098539290502	0.991199480011149	116.947668950557315	-0.114259831503932	0.8200494147
6.823045857462135	3.328885e+04	4.428176e-02	5.048685077437755	0.980713759447851	116.273254075102201	0.022214465502701	0.8165529522
6.867011991708338	3.250174e+04	4.396613e-02	5.075111207300223	0.970400172830822	115.865575353378659	-0.210428416948440	0.8095306892
6.911391316815265	3.247772e+04	4.437933e-02	5.101823193029998	0.960083605731729	115.439080070566405	-0.269038374174417	0.8027807058
6.955670676931827	3.137088e+04	4.427936e-02	5.128507088838443	0.949885186229684	114.964617286543117	-0.230517666057884	0.7968518321
7.000607047787463	3.184458e+04	4.493637e-02	5.155629018845420	0.939627533991857	114.558402817129959	-0.296794020922205	0.7899142950
7.045090474533628	3.242391e+04	4.448343e-02	5.182505478064601	0.929568630911411	114.052528891845739	-0.199018676031993	0.7846025289
7.089060249453730	3.412902e+04	4.396977e-02	5.209096218831472	0.919718811076837	113.569123296268529	-0.180197810269046	0.7792398729
7.131808045769481	3.074640e+04	4.274780e-02	5.234963198591834	0.910233103967173	113.055313425632477	-0.117418843869436	0.7747400302
7.176734572903007	2.997253e+04	4.492653e-02	5.262208108177809	0.900342934833641	112.809935767203385	-0.431794560692972	0.7660905225
7.222119443284542	3.071229e+04	4.538487e-02	5.289771428872535	0.890440850698800	112.344116572379775	-0.282698685560407	0.7604443984
7.266837430758258	3.347175e+04	4.471799e-02	5.316952183945501	0.880776740892071	111.825556178030496	-0.160229409319764	0.7558027261
7.309562841488127	3.606518e+04	4.272541e-02	5.342927320397813	0.871633170420039	111.271516184032919	-0.042717425201033	0.7522687837
7.350623236233147	3.539091e+04	4.106039e-02	5.367898423584907	0.862926458530410	110.796736513114837	-0.069349475534776	0.7481902550
7.391976406160206	3.601497e+04	4.135317e-02	5.393078425620547	0.854228552007264	110.464738791583173	-0.262984865487132	0.7422006058
7.432873920025884	3.714102e+04	4.089751e-02	5.418003229073411	0.845698420100463	110.036023852371102	-0.192809134612789	0.7377195550
7.473053952221536	3.787321e+04	4.018003e-02	5.442510566716403	0.837387337592849	109.624342746456875	-0.177691603569729	0.7332752117
7.512754006950877	3.669538e+04	3.970005e-02	5.466747315453794	0.829241306202553	109.244153611824032	-0.204874892566897	0.7286105279
7.552996658808691	3.601372e+04	4.024265e-02	5.491347127413834	0.821046779228020	108.916951806648697	-0.290231752077584	0.7231879833
7.593527290337186	3.542030e+04	4.053063e-02	5.516150779449551	0.812858349930363	108.539271662492439	-0.249882318293699	0.7184501827
7.634304038988327	3.303513e+04	4.077675e-02	5.541133797303281	0.804684811051978	108.175972431193784	-0.255705359541677	0.7135449312
7.676431904642030	3.359661e+04	4.212787e-02	5.566986642180903	0.796303932944670	107.875765283606270	-0.355172061661548	0.7075718306
7.718109147840014	3.477373e+04	4.167724e-02	5.592584203203439	0.788082152481850	107.426871294524744	-0.180267956240826	0.7037451289
7.758981054557542	3.517971e+04	4.087191e-02	5.617705676023171	0.780086137776997	107.020368511462593	-0.163287452148067	0.6996309642
7.799525482570608	3.616870e+04	4.054443e-02	5.642648640940338	0.772217381646772	106.654180789312903	-0.205526586007362	0.6951428474
7.839423275671690	3.606748e+04	3.989779e-02	5.667211695865473	0.764536166400052	106.259457264433692	-0.166665847480504	0.6912503396
7.879290336192556	3.387589e+04	3.986706e-02	5.691779585364608	0.756919755942976	105.916097430211281	-0.223708081502372	0.6867690104
7.920337902687800	3.134397e+04	4.104757e-02	5.717113062983520	0.749134552672537	105.635153284326492	-0.343888685260908	0.6812893108
7.962916508297089	2.978387e+04	4.257861e-02	5.743436291240979	0.741117946280781	105.341363882051326	-0.377766456741488	0.6757181023
8.006495815411972	2.875260e+04	4.357931e-02	5.770418933271380	0.732976429552018	104.996551980159538	-0.326253034354677	0.6706667022
8.050745945585032	2.816909e+04	4.425013e-02	5.797853257850564	0.724776318969359	104.628204489012859	-0.281658847602605	0.6658549749
8.095346140406440	2.705601e+04	4.460019e-02	5.825538848780566	0.716579403138519	104.255022466014523	-0.260875174668907	0.6611143303
8.140746249795946	2.579979e+04	4.540011e-02	5.853760025585427	0.708303715268873	103.904134493819285	-0.289078211784198	0.6560069641
8.187126302137024	2.688973e+04	4.638005e-02	5.882633106865292	0.699919035972099	103.552747775081386	-0.304511875688838	0.6507891573
8.232445027877684	2.712129e+04	4.531873e-02	5.910864783707781	0.691799823870641	103.086379246418574	-0.141420743252755	0.6473262313
8.277461981481769	2.829374e+04	4.501695e-02	5.938934359648521	0.683803759129579	102.706369459051373	-0.194323747539634	0.6429223458
8.321432070295739	2.689973e+04	4.397009e-02	5.966369152410148	0.676061226610567	102.287214370858038	-0.140696475991917	0.6393015936
8.366423290957547	2.812705e+04	4.499122e-02	5.994484763805891	0.668200086249116	102.013032366197493	-0.334600891885080	0.6337412194
8.410318666355515	2.788641e+04	4.389538e-02	6.021935403929942	0.660595693782094	101.577881659296040	-0.156462215483613	0.6304813880
8.454302440037441	2.919885e+04	4.398377e-02	6.049471892757724	0.653036856319929	101.247990918267064	-0.243845281417350	0.6259701640
8.497188403513723	2.869327e+04	4.288596e-02	6.076339319710729	0.645727711018624	100.846526435278079	-0.151440659503509	0.6226312434
8.540354797234551	3.002495e+04	4.316639e-02	6.103413253877075	0.638427480499980	100.537329281013797	-0.257184536838875	0.6181670239
8.582459372618276	2.825363e+04	4.210458e-02	6.129836613028695	0.631364852163505	100.133950905879132	-0.133416746636367	0.6151336018
8.625770075813270	2.697300e+04	4.331070e-02	6.157057298087219	0.624152499458897	99.885840266496061	-0.339951584007506	0.6100303066
8.669998920231562	2.611937e+04	4.422884e-02	6.184896274232699	0.616841990004207	99.583357095031502	-0.332077470129831	0.6054915189
8.714843428425258	2.637790e+04	4.484451e-02	6.213161397103425	0.609486598024316	99.260000582822670	-0.302079620271855	0.6011632160
8.759366016100016	2.691778e+04	4.452259e-02	6.241252183958668	0.602242579734577	98.895911424404929	-0.224912663673277	0.5974574544
8.803340553935934	2.701180e+04	4.397454e-02	6.269022768232711	0.595144948375914	98.543776362459653	-0.206462444571737	0.5937736324
8.847141158682492	2.596698e+04	4.380060e-02	6.296713640558226	0.588130026366177	98.225648138280732	-0.246659902848856	0.5897761637
8.891715927830633	2.541200e+04	4.457477e-02	6.324932920089545	0.581044435781688	97.937707057990906	-0.311866322679830	0.5853440607
8.936674180993661	2.562735e+04	4.495825e-02	6.353429229081641	0.573953158119218	97.606699567498808	-0.268830969726719	0.5814267461
8.981342628040400	2.524056e+04	4.466845e-02	6.381769377273372	0.566963550204713	97.256120059812062	-0.217826945177146	0.5778586984
9.026251980926599	2.437747e+04	4.490935e-02	6.410297977510819	0.559989884258563	96.958012093766371	-0.280858543995354	0.5736893570
9.071847630335720	2.349481e+04	4.559565e-02	6.439302745994840	0.552963169221989	96.662242189110756	-0.309595094618117	0.5694408118
9.118187142178895	2.394077e+04	4.633951e-02	6.468819963168659	0.545877000277751	96.346622799170845	-0.293420760284155	0.5653672751
9.163988170531887	2.520128e+04	4.580103e-02	6.498017881300282	0.538930822086158	95.966033929170024	-0.179464817122746	0.5622132181
9.208528669114026	2.441519e+04	4.454050e-02	6.526426133909712	0.532232158124406	95.579657476404563	-0.110911981141957	0.5593989296
9.253681923978354	2.568420e+04	4.515325e-02	6.555259788029346	0.525492554583595	95.308015030592173	-0.274196639801528	0.5552010509
9.297608653708709	2.629447e+04	4.392673e-02	6.583327041434210	0.518988793517609	94.929359740498100	-0.138589098327412	0.5525116729
9.340929992208350	2.738125e+04	4.332134e-02	6.611028976014492	0.512623834546944	94.613493276551068	-0.183789605948210	0.5492442444
9.383293866965612	2.709347e+04	4.236387e-02	6.638134379369448	0.506447358323875	94.272550853547258	-0.140376009214558	0.5464748950
9.425795093440847	2.766650e+04	4.250123e-02	6.665351484557095	0.500295974363682	93.984083030836302	-0.214496586919549	0.5431265918
9.467767913948341	2.825573e+04	4.197282e-02	6.692247812560561	0.494266243582788	93.657083140819935	-0.161743852290846	0.5403579589
9.509217248026776	2.794631e+04	4.144933e-02	6.718823934512463	0.488355714849615	93.336419917687266	-0.144039121671172	0.5376464622
9.550812897676060	2.987390e+04	4.159565e-02	6.745515373075023	0.482466416119274	93.053073699507365	-0.203793243930482	0.5345298913
9.590964538848334	2.843192e+04	4.015164e-02	6.771286553696309	0.476824222501882	92.695556461067611	-0.063534442252735	0.5325341225
9.632043375862620	2.779281e+04	4.107884e-02	6.797681236593115	0.471089869023019	92.474121710489086	-0.279817658215754	0.5288786496
9.673511101362422	2.691909e+04	4.146773e-02	6.824350199628058	0.465340978624605	92.189357735374159	-0.235053286048819	0.5259365557
9.715564000223585	2.632061e+04	4.205290e-02	6.851421232219733	0.459551188149643	91.914192123315800	-0.242001899633700	0.5228434787
9.758008214099512	2.547870e+04	4.244421e-02	6.878768402634109	0.453748609441578	91.626915248965801	-0.223730117350446	0.5198770638
9.801062144851263	2.468024e+04	4.305393e-02	6.906536437528111	0.447903748927307	91.356451628200162	-0.252500655632685	0.5166774220
9.844718955654759	2.579599e+04	4.365681e-02	6.934722227263407	0.442018825308627	91.079369893773702	-0.253952939895247	0.5135131946
9.887334314112888	2.659636e+04	4.261536e-02	6.962247903439601	0.436317715009780	90.732853503498120	-0.111347533865792	0.5113299882
9.929220512478789	2.751786e+04	4.188620e-02	6.989317036542254	0.430754957561231	90.433631525839203	-0.136368955882388	0.5087620257
9.970319596715825	2.472616e+04	4.109908e-02	7.015891057310260	0.425335701240746	90.136073230693924	-0.133407963446046	0.5063293161
10.013594590007674	2.411476e+04	4.327499e-02	7.043915180273073	0.419665022089651	89.964395516667906	-0.396772582000880	0.5022213442
10.057327491831836	2.491224e+04	4.373290e-02	7.072264556014352	0.413974254045101	89.669421262022666	-0.253794706577754	0.4994759984
10.100268391241000	2.442034e+04	4.294090e-02	7.100118649888509	0.408427167644167	89.359114611270684	-0.164247938139442	0.4970548536
10.143554459405681	2.342504e+04	4.328607e-02	7.128224066558997	0.402873970658907	89.108639425794351	-0.248233958886794	0.4939638858
10.187663328828515	2.331515e+04	4.410887e-02	7.156897259758045	0.397253535582831	88.864483188572635	-0.294334323421692	0.4907361648
10.231787368102639	2.312230e+04	4.412404e-02	7.185604377793143	0.391671385486327	88.568568207156602	-0.209679175408168	0.4881234778
10.276006442048532	2.260034e+04	4.421907e-02	7.214398500552697	0.386116943669510	88.293895206513668	-0.219104358044460	0.4853076254
10.320643880182127	2.169380e+04	4.463744e-02	7.243493553420643	0.380549306249832	88.030278249791650	-0.244809556415412	0.4823590918
10.366112829208253	2.255333e+04	4.546895e-02	7.273164891545334	0.374917267670429	87.780615565492056	-0.285640921055518	0.4791939284
10.410615879891457	2.308612e+04	4.450305e-02	7.302221502581761	0.369446270078827	87.450427300974269	-0.133251802757870	0.4770786399
10.454514795912576	2.199596e+04	4.389892e-02	7.330901993192736	0.364088622284913	87.168531790388897	-0.162112960945634	0.4745556509
10.499400356028328	2.306472e+04	4.488556e-02	7.360260476098921	0.358647568584447	86.942070235372057	-0.287948417931239	0.4713454781
10.543146133667877	2.215597e+04	4.374578e-02	7.388884755818623	0.353384215679527	86.606545565127632	-0.100544973087942	0.4695055605
10.587693495090891	2.195748e+04	4.454736e-02	7.418063717455347	0.348060677406846	86.383429216722575	-0.265055812019225	0.4663868455
10.632353657771345	2.218755e+04	4.466016e-02	7.447340468211021	0.342761223645543	86.104415504100814	-0.207780610415636	0.4639000072
10.676694249609840	2.175578e+04	4.434059e-02	7.476428189929258	0.337537089364409	85.824805324208143	-0.180052847649552	0.4614989304
10.721385491790178	2.219648e+04	4.469124e-02	7.505771825924243	0.332308020004142	85.572651325649431	-0.226330877015514	0.4587993587
10.765544274437064	2.225357e+04	4.415878e-02	7.534782048420839	0.327178402206847	85.276684568852659	-0.144017256212253	0.4566738607
10.809561396135866	2.076967e+04	4.401712e-02	7.563718868127438	0.322100963077666	85.013449955836791	-0.177199508457613	0.4542526139
10.855036560751101	2.053022e+04	4.547516e-02	7.593651158592828	0.316889568818841	84.807445152054783	-0.317916070054181	0.4510856009
10.900685919994700	2.111528e+04	4.564936e-02	7.623725031450109	0.311694736988422	84.533484168119955	-0.227190977164717	0.4486623647
10.945609537817457	2.067431e+04	4.492362e-02	7.653337879215304	0.306619432961099	84.241379693275888	-0.147912739643635	0.4465553006
10.990921807432466	2.050926e+04	4.531227e-02	7.683235811548894	0.301534958092619	84.011444070871917	-0.249165642700187	0.4437817763
11.036327443404140	2.133456e+04	4.540564e-02	7.713220605544113	0.296475300189417	83.750071814345475	-0.216715864721100	0.4413683805
11.080759563628478	2.070956e+04	4.443212e-02	7.742576584447694	0.291559714124976	83.457148889113384	-0.124994623734001	0.4394355968
11.125771591928482	2.151417e+04	4.501203e-02	7.772343042693990	0.286613308891456	83.232679856615079	-0.241142796673778	0.4367523138
11.169849254026420	2.209290e+04	4.407766e-02	7.801503287465037	0.281804240993831	82.932923390911952	-0.106022583437425	0.4350007594
11.213264402454968	2.258063e+04	4.341515e-02	7.830240649135566	0.277099957471163	82.678509452755833	-0.144954610183945	0.4328807229
11.256129242076046	2.393907e+04	4.286484e-02	7.858629681816722	0.272486477271982	82.427136170946312	-0.154269938010517	0.4308220838
11.297684858366228	2.640538e+04	4.155562e-02	7.886160885093879	0.268044127644114	82.157704592950253	-0.094803444998271	0.4291265245
11.337183097915261	2.610555e+04	3.949824e-02	7.912329471865296	0.263850302942775	81.874410727362118	-0.004793305366193	0.4278281808
11.376841770107083	2.483045e+04	3.965867e-02	7.938622847129656	0.259664326239616	81.688820929186988	-0.212689292632444	0.4255181483
11.417438585241625	2.419319e+04	4.059682e-02	7.965563308788206	0.255403994965083	81.498164274259892	-0.278490040091145	0.4231883640
11.458496984346775	2.353445e+04	4.105840e-02	7.992832408433129	0.251120940487772	81.281818638747751	-0.241136745953787	0.4211045236
11.500054961188829	2.174669e+04	4.155798e-02	8.020455241344747	0.246812019902670	81.065270113075115	-0.231795816634237	0.4189981687
11.543212897949610	2.039685e+04	4.315794e-02	8.049174336005958	0.242363450281790	80.883122494426246	-0.325739302320652	0.4163983813
11.587696468317329	1.996507e+04	4.448357e-02	8.078806483076290	0.237806601872230	80.666424925191777	-0.288486896970269	0.4140488820
11.632575947422993	1.933235e+04	4.487948e-02	8.108725638076610	0.233239407317276	80.420200977349324	-0.211636094336882	0.4119938424
11.678099709799229	1.850045e+04	4.552376e-02	8.139100532513911	0.228636992509456	80.192834724037269	-0.232787175862737	0.4097118095
11.724548826338022	1.732235e+04	4.644912e-02	8.170124067546341	0.223971621155957	79.974656021429183	-0.267372148958705	0.4072753593
11.772460254730658	1.772176e+04	4.791143e-02	8.202162793835420	0.219190627076531	79.766267930770084	-0.312086895472681	0.4046272725
11.819736084932787	1.671372e+04	4.727583e-02	8.233793808364204	0.214506973667669	79.476479799598124	-0.141485461457721	0.4029040607
11.868323098697440	1.892506e+04	4.858701e-02	8.266340123412474	0.209725204952230	79.281525672161223	-0.300421695738046	0.4001244055
11.913893359622071	1.830120e+04	4.557026e-02	8.296861259815826	0.205275065696588	78.926294850049075	0.037834322897434	0.3992950598
11.960148510372131	1.876173e+04	4.625515e-02	8.327867889397135	0.200787540437786	78.740129722228204	-0.233510939684268	0.3967209349
12.005747308908317	1.893683e+04	4.559880e-02	8.358448974738829	0.196394215029884	78.473337953239465	-0.128025148091501	0.3950549543
12.051051698344166	1.932721e+04	4.530439e-02	8.388850149681218	0.192058484961733	78.238238540734486	-0.158566227526674	0.3931274900
12.095814880930439	2.026754e+04	4.476318e-02	8.418904259397358	0.187803031355035	77.999098728568612	-0.149152455698343	0.3913208342
12.139449226458499	1.964612e+04	4.363435e-02	8.448211578846934	0.183682476068487	77.751846829978206	-0.107876362112118	0.3897293193
12.183691352512099	1.902496e+04	4.424213e-02	8.477952517195012	0.179530078721008	77.564136565183219	-0.244914433696592	0.3875109576
12.228570999197157	1.954763e+04	4.487965e-02	8.508148544471627	0.175343842168545	77.357777386230779	-0.249083964591941	0.3854479091
12.272767939136966	2.022539e+04	4.419694e-02	8.537899505149324	0.171248267090619	77.109467298787735	-0.136564652062430	0.3838931210
12.316142272422601	1.966748e+04	4.337433e-02	8.567109586183417	0.167254824909381	76.878845842001368	-0.127797760956595	0.3822629223
12.360052454212616	1.924751e+04	4.391018e-02	8.596704647412309	0.163236427229136	76.691385961040041	-0.237973201764079	0.3801803451
12.404362636412717	1.897897e+04	4.431018e-02	8.626592196599056	0.159206297469631	76.482331093266396	-0.221901598301150	0.3783021545
12.448907830850466	1.811528e+04	4.454519e-02	8.656660804507174	0.155179835022923	76.273175268708414	-0.216232889216269	0.3764297994
12.494423306118774	2.037803e+04	4.551548e-02	8.687414817823939	0.151090423296357	76.087973447736402	-0.282444236061309	0.3742614879
12.537261430510410	2.046452e+04	4.283812e-02	8.716358295946165	0.147268120523549	75.791568071231595	0.015093369996137	0.3734494676
12.579937901447648	1.923030e+04	4.267647e-02	8.745209135502293	0.143483231224708	75.608546264226163	-0.173790030842947	0.3715578803
12.623889909416963	1.993456e+04	4.395201e-02	8.774950619028646	0.139607552698338	75.438957037810539	-0.284948999563500	0.3694481169
12.666985332661595	1.963153e+04	4.309542e-02	8.804123904794825	0.135831356775191	75.196722126370261	-0.117099378381217	0.3681481261
12.710340079572832	1.974760e+04	4.335475e-02	8.833491029318960	0.132055261822231	75.002303927736065	-0.187787343506811	0.3663806478
12.753495309937497	1.860261e+04	4.315523e-02	8.862737427657398	0.128319560590119	74.786713982088784	-0.148994765316366	0.3648600392
12.797885387394503	1.871565e+04	4.439008e-02	8.892847681362387	0.124499188371120	74.615942748721906	-0.268293662524995	0.3628215127
12.842066219266075	1.905249e+04	4.418083e-02	8.922830629523776	0.120720589149378	74.385802239491937	-0.144776519585506	0.3614022077
12.885781126423822	1.932230e+04	4.371491e-02	8.952511191237372	0.117005026454242	74.172812234367711	-0.139529774643179	0.3598775400
12.929117740647820	2.020070e+04	4.333661e-02	8.981949634610615	0.113344029615405	73.968015650878968	-0.151890891071393	0.3583266170
12.971432152933156	2.002979e+04	4.231441e-02	9.010702727282084	0.109791356197179	73.748217965920375	-0.097195324190905	0.3570259672
13.013858850124443	1.848462e+04	4.242670e-02	9.039549319910464	0.106249841236449	73.567285764657768	-0.186995663980877	0.3553604159
13.057952713505081	2.069887e+04	4.409386e-02	9.069559489723245	0.102589382795387	73.412871288172198	-0.308073687515281	0.3533262058
13.099552426917136	2.006861e+04	4.159971e-02	9.097870476587925	0.099158316853771	73.140690291815076	0.018415289829158	0.3526480553
13.141734531591881	1.923316e+04	4.218210e-02	9.126598784937554	0.095698434394190	72.992629955481391	-0.233343062143287	0.3507469891
13.184755182922869	1.912578e+04	4.302065e-02	9.155922232019023	0.092189267950438	72.821946201379077	-0.258316140109409	0.3490181427
13.227827297197255	1.835969e+04	4.307211e-02	9.185299183856731	0.088696165452631	72.627330173729234	-0.196119077382196	0.3475351792
13.271718500028925	1.961436e+04	4.389120e-02	9.215258843562157	0.085156713420597	72.456006844807462	-0.249099754022795	0.3457860311
13.314113625503575	1.948088e+04	4.239513e-02	9.244202719718455	0.081759055182702	72.220062354809514	-0.058788421317377	0.3447900715
13.356587095833218	1.858648e+04	4.247347e-02	9.273216987549720	0.078374421026281	72.050440034112796	-0.186273896551071	0.3431739475
13.400002421634657	1.824668e+04	4.341533e-02	9.302899500226664	0.074933680596716	71.890182985998777	-0.265031835204927	0.3414166415
13.443750166697026	1.686486e+04	4.374775e-02	9.332829675926714	0.071486392363315	71.702668405355539	-0.213115007527130	0.3399133294
13.489181841781411	1.749472e+04	4.543168e-02	9.363943852012271	0.067926095888651	71.550775954284717	-0.314384373081992	0.3379665770
13.533714016957060	1.868592e+04	4.453218e-02	9.394453948531410	0.064457823178031	71.322883433185055	-0.119336843058758	0.3368266464
13.576733366684982	1.908830e+04	4.301935e-02	9.423933852844881	0.061127991362250	71.108586842050443	-0.066929330463017	0.3356897407
13.619230246973235	1.825806e+04	4.249688e-02	9.453068716133826	0.057857538148719	70.929341480614411	-0.143737412615992	0.3342785822
13.662615591360510	1.777506e+04	4.338534e-02	9.482837335950762	0.054536700960650	70.779180939614918	-0.266244715658635	0.3325468846
13.706517367402167	1.673252e+04	4.390178e-02	9.512982277388131	0.051195062537800	70.602722253995665	-0.231236729183156	0.3310441331
13.751694407380430	1.678630e+04	4.517704e-02	9.544031372667588	0.047775264930313	70.444651343629630	-0.285922711356686	0.3292965867
13.796725599306775	1.738509e+04	4.503119e-02	9.574997059968132	0.044386743658518	70.241378025310269	-0.167694969249085	0.3280022762
13.840902881578309	1.773025e+04	4.417728e-02	9.605387163249263	0.041082449884014	70.040141788574815	-0.119514069793252	0.3267685077
13.884578790604662	2.065736e+04	4.367591e-02	9.635447271931696	0.037834541332633	69.860283638803168	-0.157965109997471	0.3253887437
13.924978985358621	2.123837e+04	4.040019e-02	9.663245988038973	0.034848953692978	69.616670158910935	0.082578752288470	0.3248502858
13.964765388421739	2.202398e+04	3.978640e-02	9.690634165897695	0.031924209376409	69.472941182576889	-0.151234908957038	0.3234378824
14.003780491872762	2.019771e+04	3.901510e-02	9.717500385674937	0.029071222342477	69.300720831925361	-0.119800065635658	0.3223588875
14.044464941642342	2.144045e+04	4.068445e-02	9.745543238716406	0.026110064370009	69.190822073885315	-0.342578554428999	0.3206001436
14.083895852624087	2.054842e+04	3.943091e-02	9.772729161878937	0.023255616149437	68.991224436190123	-0.092461658026348	0.3197743002
14.124117483544845	2.172249e+04	4.022163e-02	9.800479882649604	0.020358198755514	68.860302887044654	-0.252116422809609	0.3182723933
14.163181627906107	2.181992e+04	3.906414e-02	9.827438049235653	0.017559200058022	68.669882314053766	-0.080574113502897	0.3174134323
14.202104962258987	2.026230e+04	3.892333e-02	9.854311588549528	0.014784230246967	68.522988794926647	-0.170798803346732	0.3161748970
14.242441563976620	2.081850e+04	4.033660e-02	9.882183361538122	0.011922126330951	68.397023784064757	-0.290860002558690	0.3146630295
14.282179534591664	2.106396e+04	3.973797e-02	9.909650409913917	0.009117333745265	68.212586525106076	-0.116217139653935	0.3137435563
14.321630496417303	2.096845e+04	3.945096e-02	9.936929443426502	0.006347087088882	68.053108957547380	-0.137878712251134	0.3126268628
14.361116894138286	2.262728e+04	3.948640e-02	9.964245273794756	0.003588302497860	67.899538910380983	-0.164176878108148	0.3114669525
14.399076214906561	2.407531e+04	3.795932e-02	9.990506468253788	0.000950255302509	67.712586459416627	-0.025029687649381	0.3107259536
14.435827890646284	2.580696e+04	3.675168e-02	10.015936427017804	-0.001591107045649	67.555260332253269	-0.064642319091937	0.3098031505
