0.572317590245468	5.605078e+03	2.500000e-02	1.030248218299796	8.706398732242272	1139.913624087439985	0.496339177702460	0.9975594518
0.634817590245468	4.944401e+03	6.250000e-02	1.104020018075352	8.057806775490437	1027.877801301529644	0.495497646785067	0.9969984312
0.697317590245468	4.274096e+03	6.250000e-02	1.175424416740749	7.507565316473764	935.943486811407297	0.494569706742728	0.9963798045
0.759817590245468	3.804214e+03	6.250000e-02	1.244743827098521	7.033781555928540	859.150230279858874	0.493555572904462	0.9957037153
0.822317590245468	3.476368e+03	6.250000e-02	1.312207173638815	6.620747852086119	794.045651943525399	0.492455480372780	0.9949703202
0.884817590245467	3.233868e+03	6.250000e-02	1.378003322783638	6.256876550776006	738.152821662703218	0.491269683907524	0.9941797893
0.947317590245467	3.282856e+03	6.250000e-02	1.442290432840803	5.933416302501243	689.648478594669427	0.489998457800482	0.9933323052
1.009817590245467	3.722751e+03	6.250000e-02	1.505202650346798	5.643623699238109	647.160745418756619	0.488642095740776	0.9924280638
1.072317590245467	4.566992e+03	6.250000e-02	1.566855023249485	5.382211405405653	609.637583919419171	0.487200910671052	0.9914672738
1.134817590245467	5.702202e+03	6.250000e-02	1.627347181805292	5.144970238561225	576.258719383442440	0.485675234634573	0.9904501564
1.197317590245467	7.265560e+03	6.250000e-02	1.686766146954425	4.928504089352105	546.375150293751858	0.484065418613327	0.9893769457
1.259817590245466	9.110129e+03	6.250000e-02	1.745188507637170	4.730040025039535	519.466663701511720	0.482371832357260	0.9882478882
1.322317590245466	1.087222e+04	6.250000e-02	1.802682133048462	4.547289683894131	495.111398943258507	0.480594864204785	0.9870632428
1.384817590245466	1.250935e+04	6.250000e-02	1.859307536395960	4.378346402760125	472.963653315678641	0.478734920894707	0.9858232806
1.447317590245466	1.490204e+04	6.250000e-02	1.915118973578878	4.221607711040794	452.737438301027964	0.476792427369713	0.9845282849
1.509817590245466	1.591657e+04	6.250000e-02	1.970165337505403	4.075716138962157	434.194120005261482	0.474767826571596	0.9831785510
1.572317590245466	2.009104e+04	6.250000e-02	2.024490892926543	3.939513452463252	417.133007369694838	0.472661579228373	0.9817743862
1.634817590245465	2.821511e+04	6.250000e-02	2.078135885420852	3.812004869438486	401.384099290771417	0.470474163633468	0.9803161091
1.697317590245465	3.260973e+04	6.250000e-02	2.131137050059313	3.692330791077788	386.802434168465709	0.468206075417156	0.9788040503
1.759817590245465	3.975293e+04	6.250000e-02	2.183528039353604	3.579744257811467	373.263643511017108	0.465857827310430	0.9772385515
1.820995245135793	3.610001e+04	6.117765e-02	2.234249376850656	3.475776116852166	360.918043745149134	0.463482137657032	0.9756547584
1.883495245135793	3.825277e+04	6.250000e-02	2.285521773060543	3.375368512288989	349.140368116036029	0.460976842596429	0.9739845617
1.944453520465522	3.385985e+04	6.095828e-02	2.335023582095813	3.282611994446946	338.388777939252748	0.458457690917955	0.9723051273
2.006953520465522	3.015108e+04	6.250000e-02	2.385282766572431	3.192375067703045	328.049543342319964	0.455797822769522	0.9705318818
2.069453520465522	3.502894e+04	6.250000e-02	2.435063788589714	3.106668600164917	318.340872384857107	0.453060578544665	0.9687070524
2.131168152744818	4.059410e+04	6.171463e-02	2.483770852530616	3.026136303923285	309.318715509656954	0.450282401759551	0.9668549345
2.187931704432398	4.205588e+04	5.676355e-02	2.528193502568821	2.955393441933658	301.474644430727835	0.447661538366767	0.9651076922
2.243207917576054	4.308695e+04	5.527621e-02	2.571118841944529	2.889357363363659	294.222036265250949	0.445049437432640	0.9633662916
2.297360958099562	4.498186e+04	5.415304e-02	2.612864857049793	2.827216693974399	287.459357536535776	0.442433525191659	0.9616223501
2.349935997677866	4.198038e+04	5.257504e-02	2.653113947040760	2.769155867260747	281.195746220738897	0.439840385674023	0.9598935904
2.403943699285202	3.958977e+04	5.400770e-02	2.694182092806911	2.711701605729843	275.050546906611430	0.437122174953586	0.9580814500
2.459132613379244	3.564584e+04	5.518891e-02	2.735867679821590	2.655147532812008	269.053693714639110	0.434288010012574	0.9561920067
2.516849756520784	3.212814e+04	5.771714e-02	2.779169891142725	2.598196724809885	263.067588822913592	0.431263431360383	0.9541756209
2.577169079323978	3.628377e+04	6.031932e-02	2.824115655947639	2.540931469623001	257.102525821852510	0.428036902206480	0.9520246015
2.633475683448853	3.955114e+04	5.630660e-02	2.865796739974609	2.489431005525047	251.784845468425857	0.424965090594937	0.9499767271
2.687012756165264	3.549583e+04	5.353707e-02	2.905190063306028	2.442115586964479	246.938891973296649	0.421991209131465	0.9479941394
2.743140927301702	3.669681e+04	5.612817e-02	2.946249398736737	2.394145792371718	242.065072016689328	0.418818274314934	0.9458788495
2.797956994849230	3.860673e+04	5.481607e-02	2.986118847729025	2.348828532931670	237.497371933390127	0.415665568792530	0.9437770459
2.851041984952619	4.096252e+04	5.308499e-02	3.024519413938116	2.306310402213410	233.244512395653544	0.412562110371410	0.9417080736
2.902249684966010	4.676257e+04	5.120770e-02	3.061372301766055	2.266508942486729	229.292385569514039	0.409521941849861	0.9396812946
2.949887251486249	5.269519e+04	4.763757e-02	3.095493416123279	2.230502752134346	225.741516014488440	0.406653151118182	0.9377687674
2.994515144957898	5.169668e+04	4.462789e-02	3.127320584821038	2.197625484427991	222.519653489505430	0.403930443307028	0.9359536289
3.039342104124296	5.252972e+04	4.482696e-02	3.159158546246807	2.165399853666843	219.380752617574160	0.401161648677442	0.9341077658
3.083587547624306	5.037626e+04	4.424544e-02	3.190457757281724	2.134346467110105	216.374081311975743	0.398395705938284	0.9322638040
3.128546619101834	4.539214e+04	4.495907e-02	3.222136984056074	2.103530374246178	213.408048840388545	0.395551803275662	0.9303678689
3.175676296879575	4.333185e+04	4.712968e-02	3.255213966249785	2.071994684122298	210.391132033571296	0.392534843409005	0.9283565623
3.223667695671387	4.235026e+04	4.799140e-02	3.288760711299756	2.040659043888871	207.411930362332811	0.389425478229218	0.9262836522
3.271963861115602	3.835642e+04	4.829617e-02	3.322386497466580	2.009884613853717	204.504272909334418	0.386258811099977	0.9241725407
3.322454714598449	3.518430e+04	5.049085e-02	3.357400363105039	1.978494942066325	201.557225422609633	0.382908385584654	0.9219389237
3.374896899683395	3.225346e+04	5.244219e-02	3.393620020661274	1.946705859559203	198.592150177309634	0.379385816651879	0.9195905444
3.429376889930427	3.311514e+04	5.447999e-02	3.431092464314557	1.914523611358792	195.610558650624540	0.375680873541978	0.9171205824
3.482848995601458	2.946811e+04	5.347211e-02	3.467722733819414	1.883736898130207	192.777427863127883	0.371999939812157	0.9146666265
3.539233337148849	2.626494e+04	5.638434e-02	3.506192758217414	1.852096473179674	189.885463257015289	0.368071355674273	0.9120475704
3.598628446795330	3.075508e+04	5.939511e-02	3.546549705342290	1.819641857813710	186.940073249653381	0.363881322920282	0.9092542153
3.653203651775907	3.377558e+04	5.457520e-02	3.583484854199333	1.790579675056092	184.320789658541486	0.359985216894623	0.9066568113
3.705012343780441	3.150467e+04	5.180869e-02	3.618421298975248	1.763636175486818	181.907997041157557	0.356246326090208	0.9041642174
3.758396179552966	3.321525e+04	5.338384e-02	3.654294675693520	1.736506189967337	179.493758132663856	0.352353269168718	0.9015688461
3.810131398248058	3.558427e+04	5.173522e-02	3.688942172772803	1.710804217482074	177.220846295904522	0.348541753549950	0.8990278357
3.859879540497966	3.854160e+04	4.974814e-02	3.722152246224441	1.686617671306563	175.094729061798205	0.344841207353213	0.8965608049
3.907467254448502	3.566195e+04	4.758771e-02	3.753824729971365	1.663949629868916	173.113444509032178	0.341269296505626	0.8941795310
3.956729844316463	3.703220e+04	4.926259e-02	3.786516175148253	1.640950028322135	171.114499651822740	0.337539078152035	0.8916927188
4.004863308901775	3.314349e+04	4.813346e-02	3.818366542488062	1.618920915194266	169.210682655129290	0.333862763766358	0.8892418425
4.055529570444285	3.002855e+04	5.066626e-02	3.851797367211373	1.596190569401580	167.257415490600380	0.329959734920966	0.8866398233
4.108527381307415	3.078247e+04	5.299781e-02	3.886664484993468	1.572900243540524	165.267879974568189	0.325841119459589	0.8838940796
4.160636837039330	3.142021e+04	5.210946e-02	3.920848055142988	1.550468638253648	163.363141381200819	0.321756219637487	0.8811708131
4.211989419941395	3.440446e+04	5.135258e-02	3.954441554305089	1.528802072978745	161.534119375980595	0.317696922635239	0.8784646151
4.260855425118532	3.894674e+04	4.886601e-02	3.986324402205550	1.508576571055584	159.836366786330672	0.313803574914538	0.8758690499
4.306599508074896	3.770338e+04	4.574408e-02	4.016097963035536	1.489979102113729	158.283537812118681	0.310132321947122	0.8734215480
4.352919074576412	3.670302e+04	4.631957e-02	4.046176503261215	1.471469050334311	156.745932265993531	0.306389022239259	0.8709260148
4.399690813646772	3.478247e+04	4.677174e-02	4.076479317857626	1.453097199878706	155.227684770552827	0.302583168801335	0.8683887792
4.447557566085061	3.320829e+04	4.786675e-02	4.107421175932999	1.434617627866834	153.708514497866929	0.298661566230496	0.8657743775
4.496360833974489	3.234573e+04	4.880327e-02	4.138896912240829	1.416102698867638	152.194526636628410	0.294635927431951	0.8630906183
4.545622154451494	3.242577e+04	4.926132e-02	4.170596711154602	1.397738427514265	150.700920376913928	0.290545002322242	0.8603633349
4.594635299649849	3.410465e+04	4.901315e-02	4.202067479868150	1.379780916872324	149.248223456622185	0.286447728121296	0.8576318187
4.642247529517907	3.483860e+04	4.761223e-02	4.232574210259109	1.362628391904278	147.867930364126721	0.282442255325009	0.8549615036
4.689185483551861	3.805008e+04	4.693795e-02	4.262588233879247	1.345992493602723	146.536061781086801	0.278469511270179	0.8523130075
4.733940562969079	3.610224e+04	4.475508e-02	4.291151714646878	1.330376706530151	145.292047083854669	0.274659708860540	0.8497731392
4.779733953728336	3.361416e+04	4.579339e-02	4.320323919317727	1.314641259949605	144.044601412719317	0.270739854191857	0.8471599028
4.827031378872598	3.152228e+04	4.729743e-02	4.350398382957532	1.298640059994161	142.782414498298351	0.266668650339895	0.8444457669
4.875703858863948	2.969538e+04	4.867248e-02	4.381289422967934	1.282433100077166	141.510548752246223	0.262455539893367	0.8416370266
4.925674096603916	2.731977e+04	4.997024e-02	4.412944765149399	1.266060540565468	140.232433297169393	0.258105721153037	0.8387371474
4.977584452431693	2.648174e+04	5.191036e-02	4.445767209663160	1.249330549351383	138.933473767139219	0.253561391717314	0.8357075945
5.030114789285959	2.320485e+04	5.253034e-02	4.478919235619193	1.232681473797002	137.647936337782909	0.248936761094923	0.8326245074
5.086023677173919	2.394973e+04	5.590889e-02	4.514136532480281	1.215263080336102	136.310683175513788	0.243986570268019	0.8293243802
5.140841166434850	2.132958e+04	5.481749e-02	4.548601374381875	1.198477988491338	135.029548209836634	0.239105509730309	0.8260703398
5.198707604122444	2.157385e+04	5.786644e-02	4.584915563982818	1.181065247647268	133.708350841610496	0.233924141468711	0.8226160943
5.256017188785697	2.199757e+04	5.730958e-02	4.620814098726828	1.164120820778161	132.430420295549254	0.228764193103547	0.8191761287
5.312551247262714	2.154277e+04	5.653406e-02	4.656164434213300	1.147690473841607	131.198607657484047	0.223647063066030	0.8157647087
5.369461675043896	2.264672e+04	5.691043e-02	4.691689591317431	1.131428306447697	129.986586493120285	0.218469495630808	0.8123129971
5.424757141179640	2.118307e+04	5.529547e-02	4.726150425252643	1.115886948195356	128.835020232100675	0.213414194161092	0.8089427961
5.481722210420214	2.298264e+04	5.696507e-02	4.761595802936033	1.100136259745930	127.674712314178052	0.208181540332816	0.8054543602
5.536207671081857	2.309653e+04	5.448546e-02	4.795446949218771	1.085311360107759	126.588879959244181	0.203153849046904	0.8021025660
5.590366450176100	2.457296e+04	5.415878e-02	4.829047086974421	1.070801924249899	125.532092557226164	0.198134834130461	0.7987565561
5.642690021586226	2.480654e+04	5.232357e-02	4.861464708896183	1.056993231217047	124.531841621745116	0.193266143217792	0.7955107621
5.694592748231507	2.510254e+04	5.190273e-02	4.893580364256509	1.043493568235150	123.559197851793073	0.188417988810587	0.7922786592
5.746018969266011	2.783347e+04	5.142622e-02	4.925362049422231	1.030307599656161	122.614176354827720	0.183596582054496	0.7890643880
5.794699363184622	2.813747e+04	4.868039e-02	4.955412127232007	1.017995626447683	121.736303885819254	0.179016792005819	0.7860111947
5.842969042205287	2.736428e+04	4.826968e-02	4.985176494465104	1.005947033390434	120.881457329399851	0.174460897110236	0.7829739314
5.891769573200913	2.822937e+04	4.880053e-02	5.015236718047076	0.993923828962151	120.032627084952765	0.169840411993462	0.7798936080
5.939672330214228	2.845077e+04	4.790276e-02	5.044714190744420	0.982272854693549	119.214119479431417	0.165291188398618	0.7768607923
5.987248720885029	2.633404e+04	4.757639e-02	5.073962674369370	0.970846189017911	118.415260838943837	0.160759898308852	0.7738399322
6.036557516762048	2.793198e+04	4.930880e-02	5.104247622101484	0.959152600022738	117.601755926713793	0.156050308658037	0.7707002058
6.084292866719122	2.734922e+04	4.773535e-02	5.133539476139323	0.947973721928110	116.827879969944050	0.151478523646753	0.7676523491
6.132396281511587	2.733265e+04	4.810341e-02	5.163031598137596	0.936846561932178	116.061317420583237	0.146859486071918	0.7645729907
6.180376647103154	2.814372e+04	4.798037e-02	5.192423652179738	0.925882915158913	115.309685152100144	0.142240673734974	0.7614937825
6.227526568378310	2.790062e+04	4.714992e-02	5.221283946404331	0.915237727472485	114.583388571112081	0.137690923797314	0.7584606159
6.274750399594521	2.657446e+04	4.722383e-02	5.250167480489158	0.904701142803982	113.867921430901319	0.133123621337371	0.7554157476
6.323004919138843	2.568601e+04	4.825452e-02	5.279659585628622	0.894061508666255	113.148930174863494	0.128446263983477	0.7522975093
6.371949602514835	2.542350e+04	4.894468e-02	5.309551906224739	0.883398105266913	112.431855965433840	0.123691717677359	0.7491278118
6.421007640949943	2.595955e+04	4.905804e-02	5.339492582761371	0.872837136675711	111.725168048712547	0.118916185654695	0.7459441238
6.469420222683721	2.576685e+04	4.841258e-02	5.369019765483947	0.862537378664061	111.039332490931329	0.114194111532039	0.7427960744
6.517879691645261	2.761655e+04	4.845947e-02	5.398556985743056	0.852346844982614	110.364068091434419	0.109458548823761	0.7396390325
6.564559947796867	2.769203e+04	4.668026e-02	5.426993004752708	0.842641033670481	109.723991486476095	0.104888799519082	0.7365925330
6.611054255448374	2.774397e+04	4.649431e-02	5.455300222257682	0.833079682617630	109.096385540043642	0.100329759249229	0.7335531728
6.657384350090396	2.895099e+04	4.633009e-02	5.483492808864259	0.823655168077297	108.480636959720385	0.095779733992117	0.7305198227
6.702621628097625	2.830601e+04	4.523728e-02	5.511007004093780	0.814550406590235	107.888505436106982	0.091330541088505	0.7275536941
6.748257044506373	2.754881e+04	4.563542e-02	5.538750650220372	0.805461309149587	107.300079304591378	0.086836021502397	0.7245573477
6.794399372673570	2.707229e+04	4.614233e-02	5.566790206978951	0.796367319081513	106.714037462469733	0.082285612920940	0.7215237419
6.840828648594763	2.667188e+04	4.642928e-02	5.594992410479176	0.787312522760610	106.133220201081841	0.077701193700658	0.7184674625
6.887487092588010	2.479606e+04	4.665844e-02	5.623322693221541	0.778308047669786	105.558315791662309	0.073088718088864	0.7153924787
6.935756163266793	2.473938e+04	4.826907e-02	5.652619957422324	0.769091160439547	104.972637698946585	0.068311661909005	0.7122077746
6.983955110148735	2.533724e+04	4.819895e-02	5.681864311819898	0.759985710886680	104.396825568657064	0.063536480449890	0.7090243203
7.031459278647568	2.548766e+04	4.750417e-02	5.710677755674498	0.751105635414878	103.837946113396015	0.058825544844631	0.7058836966
7.078703425774152	2.434454e+04	4.724415e-02	5.739325003382236	0.742365172578119	103.290451962415659	0.054136232806013	0.7027574885
7.126923252183487	2.456512e+04	4.821983e-02	5.768555894136006	0.733536119527843	102.740039843804624	0.049346158967379	0.6995641060
7.174804322214677	2.486445e+04	4.788107e-02	5.797574197646107	0.724859339283684	102.201710654311867	0.044586179085620	0.6963907861
7.222277053379538	2.211443e+04	4.747273e-02	5.826338633093128	0.716343767456429	101.675892771609767	0.039863645127339	0.6932424301
7.272490621967247	2.139809e+04	5.021357e-02	5.856757637336553	0.707429369494560	101.128125651363689	0.034865427658534	0.6899102851
7.323405029483175	2.165479e+04	5.091441e-02	5.887595584464173	0.698486225240638	100.581358728837216	0.029794677916870	0.6865297853
7.373884036000857	2.150669e+04	5.047901e-02	5.918165063680726	0.689712924934985	100.047682839929607	0.024764945838297	0.6831766306
7.424405569748082	2.158525e+04	5.052153e-02	5.948756381521448	0.681023622191502	99.521773367873976	0.019729043233711	0.6798193622
7.474705249034770	2.197795e+04	5.029968e-02	5.979210279359426	0.672461668478288	99.006171430652742	0.014713730969588	0.6764758206
7.524426416909924	2.329748e+04	4.972117e-02	6.009311671467225	0.664084099262306	98.504184054251823	0.009754991239132	0.6731699942
7.572597890125535	2.149222e+04	4.817147e-02	6.038473461468752	0.656047685530057	98.024984595098644	0.004950106750073	0.6699667378
7.622630438579974	2.235956e+04	5.003255e-02	6.068761169925733	0.647782754997158	97.534566893060472	-0.000040772034944	0.6666394853
7.671560432454557	2.352371e+04	4.892999e-02	6.098381435841006	0.639779358704698	97.062006323078663	-0.004921668086467	0.6633855546
7.719148344431799	2.338214e+04	4.758791e-02	6.127189931488014	0.632069531353904	96.608965898612510	-0.009668355465280	0.6602210964
7.766767750572824	2.289287e+04	4.761941e-02	6.156018803469613	0.624426487190693	96.161977498206241	-0.014417536493294	0.6570549757
7.814780514648377	2.042247e+04	4.801276e-02	6.185087787071563	0.616791926688994	95.717610068578338	-0.019204973452166	0.6538633510
7.865494729615632	2.105348e+04	5.071421e-02	6.215795206867073	0.608804612634635	95.254994523071502	-0.024260362985220	0.6504930913
7.915319638656325	2.179896e+04	4.982491e-02	6.245967732238078	0.601032926953141	94.807120185015549	-0.029225335521494	0.6471831097
7.964166767074517	2.180964e+04	4.884713e-02	6.275552272645902	0.593485252857880	94.374291765046578	-0.034090835194833	0.6439394432
8.012886693599103	2.137936e+04	4.871993e-02	6.305064508234526	0.586026596070480	93.948645671118868	-0.038941328951526	0.6407057807
8.061979146612824	1.983442e+04	4.909245e-02	6.334807846101274	0.578579846925341	93.525748735041944	-0.043826228074067	0.6374491813
8.112827900417598	1.911744e+04	5.084875e-02	6.365621724720626	0.570938461700515	93.093958044484992	-0.048882703905183	0.6340781974
8.164495887985222	1.942354e+04	5.166799e-02	6.396939525100418	0.563247543729597	92.661587246760661	-0.054016968152383	0.6306553546
8.215629497373751	1.946031e+04	5.113361e-02	6.427941572956817	0.555707979996473	92.239895998798076	-0.059094123355882	0.6272705844
8.266591444765099	2.106683e+04	5.096195e-02	6.458848335628711	0.548263634685051	91.825648513048932	-0.064149916540113	0.6239000556
8.315454388846272	2.128398e+04	4.886294e-02	6.488491023497081	0.541190388302384	91.434009721442365	-0.068993107257099	0.6206712618
8.363956268234928	1.993202e+04	4.850188e-02	6.517923912450194	0.534230858525140	91.050538020141133	-0.073795983414162	0.6174693444
8.413962775404977	1.903130e+04	5.000651e-02	6.548280148732436	0.527118536908614	90.660572652344783	-0.078742826225757	0.6141714492
8.465020211588234	1.936288e+04	5.105744e-02	6.579285788097729	0.519921815539693	90.267968958466113	-0.083788041977422	0.6108079720
8.515519170809892	1.891300e+04	5.049896e-02	6.609964325773001	0.512867469043496	89.885082525200673	-0.088772197128616	0.6074852019
8.566496500257232	1.847577e+04	5.097733e-02	6.640946304370052	0.505809494863636	89.503939627387155	-0.093797319987633	0.6041351200
8.617953041382119	2.000917e+04	5.145654e-02	6.672233285471726	0.498748555715855	89.124586902965206	-0.098862993511282	0.6007580043
8.667282531118344	2.043837e+04	4.932949e-02	6.702240575317284	0.492038354580639	88.765892946856653	-0.103712661303738	0.5975248925
8.715981933207914	1.998475e+04	4.869940e-02	6.731878252002178	0.485469526580613	88.416476385301792	-0.108493761754851	0.5943374922
8.765122406949166	1.938132e+04	4.914047e-02	6.761798715433095	0.478896432864239	88.068543178394265	-0.113311223037276	0.5911258513
8.814911470461810	1.857119e+04	4.978906e-02	6.792129399807440	0.472292327098996	87.720698001466985	-0.118184880833217	0.5878767461
8.865661228280988	1.898948e+04	5.074976e-02	6.823061809337092	0.465617677142451	87.370905533038680	-0.123144638755063	0.5845702408
8.915735034335587	1.957697e+04	5.007381e-02	6.853599152081060	0.459087375567267	87.030404900669623	-0.128030200670012	0.5813131996
8.964941784500894	2.005618e+04	4.920675e-02	6.883624699983534	0.452723010890457	86.700206368377650	-0.132823027661544	0.5781179816
9.013450980018328	1.925455e+04	4.850920e-02	6.913241640060179	0.446499416721235	86.378892156290817	-0.137539763721240	0.5749734909
9.062853519203912	1.861321e+04	4.940254e-02	6.943421954554678	0.440212054726171	86.055878695763596	-0.142334797324496	0.5717768018
9.112990639067535	1.851918e+04	5.013712e-02	6.974070133417862	0.433882913233508	85.732341727988668	-0.147192035153474	0.5685386432
9.163144312811001	1.801677e+04	5.015367e-02	7.004748278446990	0.427603049030205	85.412938855322821	-0.152041452695350	0.5653056982
9.213880997856970	1.922584e+04	5.073669e-02	7.035803842890103	0.421301705292041	85.094066353627980	-0.156937391114592	0.5620417393
9.262887905162486	1.923677e+04	4.900691e-02	7.065821054735797	0.415263692999641	84.790049940042493	-0.161656760882843	0.5588954927
9.311776712049648	2.111215e+04	4.888881e-02	7.095786482187961	0.409287050153253	84.490603645201062	-0.166355076626252	0.5557632822
9.358345002591772	2.229773e+04	4.656829e-02	7.124349176655993	0.403636985223368	84.208878353058395	-0.170821187828103	0.5527858748
9.403567429222392	2.305815e+04	4.522243e-02	7.152105114148482	0.398189741397639	83.938520298110433	-0.175149450602274	0.5499003663
9.447951548899221	2.165811e+04	4.438412e-02	7.179364882893546	0.392880869424432	83.676218193045088	-0.179388903466123	0.5470740644
9.493660738652563	2.062020e+04	4.570919e-02	7.207457905407178	0.387451738358097	83.409191047001869	-0.183745873487046	0.5441694177
9.540414800151991	2.115906e+04	4.675406e-02	7.236213942955814	0.381938134890916	83.139272188356301	-0.188192760963632	0.5412048260
9.586477874435431	2.127663e+04	4.606307e-02	7.264566033860131	0.376544717659667	82.876472147527423	-0.192564178533140	0.5382905476
9.632323783910119	1.956751e+04	4.584591e-02	7.292805630719552	0.371214386665800	82.617949717211715	-0.196905208547342	0.5353965276
9.680037328531693	1.882227e+04	4.771354e-02	7.322218518979801	0.365706305278812	82.352067128460291	-0.201412541268495	0.5323916392
9.728588474052252	1.855222e+04	4.855115e-02	7.352172193492446	0.360142245967960	82.084787293047484	-0.205987777556713	0.5293414816
9.777391983785067	1.977043e+04	4.880351e-02	7.382306920177419	0.354590117713457	81.819391725296654	-0.210575196270083	0.5262832025
9.824571416755097	1.930229e+04	4.717943e-02	7.411463467258352	0.349261187642229	81.565900582430700	-0.214998721628090	0.5233341856
9.872225531325279	1.767736e+04	4.765411e-02	7.440938420567869	0.343916510901166	81.312879283264408	-0.219455367997920	0.5203630880
9.921922992105614	1.774121e+04	4.969746e-02	7.471704546069072	0.338382686084809	81.052193464205573	-0.224090737198440	0.5172728419
9.971428709298291	1.689611e+04	4.950572e-02	7.502380219090016	0.332910317522261	80.795696922733413	-0.228695476903372	0.5142030154
10.022053575966860	1.687509e+04	5.062487e-02	7.533779056608495	0.327355092956725	80.536636943656646	-0.233390965992231	0.5110726893
10.072604293808928	1.769988e+04	5.055072e-02	7.565162409107999	0.321848687340883	80.281169843421225	-0.238065919376271	0.5079560537
10.121860681447508	1.965407e+04	4.925639e-02	7.595772042278915	0.316521868262881	80.035285104166931	-0.242607864004805	0.5049280907
10.168509926748857	2.178099e+04	4.664925e-02	7.624789117036929	0.311511682028801	79.805141382041427	-0.246897135769690	0.5020685762
10.212738621065212	2.253909e+04	4.422869e-02	7.652325740237970	0.306792253682738	79.589353912872170	-0.250952691520844	0.4993648723
10.256138837943054	2.347061e+04	4.340022e-02	7.679370748332482	0.302190026724706	79.379861998418733	-0.254921610166201	0.4967189266
10.298594123948257	2.509461e+04	4.245529e-02	7.705850430905648	0.297715299520124	79.177062721118034	-0.258793782713229	0.4941374782
10.339582078948871	2.561537e+04	4.098796e-02	7.731437285845384	0.293420567260873	78.983247039305596	-0.262522334816285	0.4916517768
10.380084066046898	2.616314e+04	4.050199e-02	7.756742627813873	0.289200954553053	78.793611049610973	-0.266197142589470	0.4892019049
10.420094396912805	2.487939e+04	4.001033e-02	7.781762381586478	0.285055943581933	78.608091380480346	-0.269817949880259	0.4867880334
10.461057983017819	2.271639e+04	4.096359e-02	7.807400744987159	0.280836007607350	78.419997271398032	-0.273515268911314	0.4843231541
10.503857010535672	2.108198e+04	4.279903e-02	7.834212502926264	0.276452482781743	78.225445524175512	-0.277367618583177	0.4817549209
10.548208014310239	1.990280e+04	4.435100e-02	7.862023389307258	0.271937197948367	78.025936303893360	-0.281348097302536	0.4791012685
10.593773140545284	1.906027e+04	4.556513e-02	7.890624464319091	0.267326818709897	77.823159574464825	-0.285425177387853	0.4763832151
10.640249976927286	1.931825e+04	4.647684e-02	7.919828334654709	0.262653630539327	77.618585787300731	-0.289570811953161	0.4736194587
10.686330242948797	2.019713e+04	4.608027e-02	7.948813835408706	0.258049340073119	77.417980692943203	-0.293667977443898	0.4708880150
10.731314524588891	1.835917e+04	4.498428e-02	7.977139907762718	0.253582125376640	77.224253513916537	-0.297655012830437	0.4682299914
10.778412975677622	1.812334e+04	4.709845e-02	8.006829370189736	0.248933821074175	77.023622012476267	-0.301815896161472	0.4654560692
10.825728910131614	1.796102e+04	4.731593e-02	8.036689422615442	0.244293448974120	76.824300136292678	-0.305981941945205	0.4626787054
10.873169793823658	2.070102e+04	4.744088e-02	8.066662448100775	0.239670069788827	76.626671280778254	-0.310144740445452	0.4599035064
10.917277448272218	2.118062e+04	4.410765e-02	8.094560560629077	0.235397514800092	76.444894985800516	-0.314002164757344	0.4573318902
10.960807667381738	2.130058e+04	4.353022e-02	8.122123076976008	0.231205179388042	76.267332757519696	-0.317796824519815	0.4548021170
11.004141417768386	2.272543e+04	4.333375e-02	8.149590748002378	0.227055481583685	76.092359282852613	-0.321562176871832	0.4522918821
11.046023940701708	2.073650e+04	4.188252e-02	8.176166857330895	0.223067015937159	75.924919582720207	-0.325189808232159	0.4498734612
11.089797736857879	1.821128e+04	4.377380e-02	8.203973112642879	0.218921595999543	75.751656012581506	-0.328968968991848	0.4473540207
11.136428712194014	1.738303e+04	4.663098e-02	8.233628473478873	0.214531361502494	75.569012014327072	-0.332980909097215	0.4446793939
11.184071640460097	1.695945e+04	4.764293e-02	8.263964173078609	0.210073009824613	75.384432665925004	-0.337065022973685	0.4419566514
11.232217259122578	1.645479e+04	4.814562e-02	8.294658130214048	0.205595196693410	75.199960595222066	-0.341176847335354	0.4392154351
11.281005079069258	1.722561e+04	4.878782e-02	8.325801087397727	0.201085624677775	75.015106579597571	-0.345327651415299	0.4364482324
11.328599542482509	1.607458e+04	4.759446e-02	8.356221093899523	0.196713189805440	74.836763318883257	-0.349361447615946	0.4337590349
11.377778808028522	1.724571e+04	4.917927e-02	8.387694725522721	0.192222693748168	74.654517525745050	-0.353513413089990	0.4309910579
11.425169701587880	2.002105e+04	4.739089e-02	8.418063386435083	0.187921679957181	74.480830701799903	-0.357498784429110	0.4283341437
11.469074019614942	1.871121e+04	4.390432e-02	8.446232793739144	0.183959789435664	74.321592086421362	-0.361177209376710	0.4258818604
11.514413276090940	1.683821e+04	4.533926e-02	8.475358530761739	0.179891088230014	74.158813681401696	-0.364961922053189	0.4233587186
11.562125517872877	1.594597e+04	4.771224e-02	8.506048166135193	0.175634067040982	73.989319360526181	-0.368929361058910	0.4207137593
11.611065901588754	1.581798e+04	4.894038e-02	8.537570272574888	0.171293433697741	73.817358961405532	-0.372982485780740	0.4180116761
11.660113096149155	1.557647e+04	4.904719e-02	8.569204786790843	0.166969427013191	73.646924965976766	-0.377027679887651	0.4153148801
11.709447743683635	1.517706e+04	4.933465e-02	8.601069183689829	0.162646153220458	73.477387036673235	-0.381079565834649	0.4126136228
11.759334664629113	1.461487e+04	4.988692e-02	8.633336094394053	0.158300787860370	73.307857886752601	-0.385159384464221	0.4098937437
11.810076944227069	1.504681e+04	5.074228e-02	8.666203973427558	0.153907758305960	73.137362353135586	-0.389291106520805	0.4071392623
11.859990680715880	1.651185e+04	4.991374e-02	8.698582583404978	0.149612583902790	72.971534184219777	-0.393337535860041	0.4044416428
11.907549899145431	1.674559e+04	4.755922e-02	8.729478000058235	0.145543868709365	72.815243261166117	-0.397176577875518	0.4018822814
11.954692377681278	1.684854e+04	4.714248e-02	8.760145613335776	0.141533536243594	72.661952074392104	-0.400966025520321	0.3993559830
12.001608279703010	1.703801e+04	4.691590e-02	8.790708629418283	0.137564719928812	72.510988761575646	-0.404721439791516	0.3968523735
12.048181414888903	1.654815e+04	4.657314e-02	8.821090946825381	0.133646627189452	72.362678793175576	-0.408433759815995	0.3943774935
12.095357395118882	1.634148e+04	4.717598e-02	8.851910171328631	0.129699670065568	72.214004404223957	-0.412178182163590	0.3918812119
12.142748042161214	1.618806e+04	4.739065e-02	8.882914227880415	0.125756676633603	72.066209954314417	-0.415923435671605	0.3893843762
12.190279563943509	1.629264e+04	4.753152e-02	8.914055723234728	0.121823815161344	71.919523607226211	-0.419663462558350	0.3868910250
12.237575448536015	1.628705e+04	4.729588e-02	8.945088218283104	0.117931959526205	71.775083575206693	-0.423368644719764	0.3844209035
12.284797330804302	1.599335e+04	4.722188e-02	8.976117696615397	0.114067388373336	71.632362626849982	-0.427051765802684	0.3819654895
12.332368385367598	1.515991e+04	4.757105e-02	9.007423002362984	0.110195446286538	71.490076246904763	-0.430745652101514	0.3795028986
12.381144617663143	1.505172e+04	4.877623e-02	9.039570142900434	0.106247292948313	71.345718530479516	-0.434515920282701	0.3769893865
12.430008716556561	1.405158e+04	4.886410e-02	9.071825080937151	0.102314022898573	71.202638017698973	-0.438275482170591	0.3744830119
12.480491923645609	1.367805e+04	5.048321e-02	9.105201659098030	0.098273313914786	71.056411905709410	-0.442141186715146	0.3719058755
12.531565922237069	1.403854e+04	5.107400e-02	9.139023973315410	0.094208750212114	70.910103201108200	-0.446033034461641	0.3693113104
12.581886541508117	1.361682e+04	5.032062e-02	9.172402072636412	0.090226956996633	70.767533917146480	-0.449848657407883	0.3667675617
12.632887390825166	1.517759e+04	5.100085e-02	9.206287219935914	0.086214210039562	70.624618072015835	-0.453696770925729	0.3642021527
12.681105836234213	1.566180e+04	4.821845e-02	9.238375845625656	0.082441347602779	70.490943988801462	-0.457317247845737	0.3617885014
12.728490544736964	1.742984e+04	4.738471e-02	9.269959365696046	0.078753380193392	70.360932355440426	-0.460858342726410	0.3594277715
12.773331122445502	1.728928e+04	4.484058e-02	9.299892871027513	0.075281203631234	70.239119928770592	-0.464193976171892	0.3572040159
12.818281095085082	1.799760e+04	4.494997e-02	9.329944358010019	0.071817753276816	70.118186045688518	-0.467522763816145	0.3549848241
12.862266644416744	1.910051e+04	4.398555e-02	9.359394947461205	0.068445135196754	70.000973581122352	-0.470765595092210	0.3528229366
12.904896162988717	1.773480e+04	4.262952e-02	9.387979292519258	0.065191953285243	69.888426421727715	-0.473894722145700	0.3507368519
12.949069239837790	1.666313e+04	4.417308e-02	9.417642216536635	0.061836898246229	69.772884333206207	-0.477122881657883	0.3485847456
12.994568828825377	1.789767e+04	4.549959e-02	9.448242593232560	0.058397887366127	69.655009326236879	-0.480432789272136	0.3463781405
13.038399993948094	1.871065e+04	4.383117e-02	9.477765978497212	0.055100961839279	69.542535491644159	-0.483606737676921	0.3442621749
13.081201527445295	1.866114e+04	4.280153e-02	9.506638816981603	0.051896489654904	69.433714211647185	-0.486692305647990	0.3422051296
13.123994673372364	2.015715e+04	4.279315e-02	9.535548726109702	0.048707346292360	69.325901702888544	-0.489763610519090	0.3401575930
13.165106749129258	2.075819e+04	4.111208e-02	9.563363436707135	0.045657217377823	69.223244656086123	-0.492701396808811	0.3381990688
13.205560308748153	1.808053e+04	4.045356e-02	9.590771583390339	0.042668977469798	69.123103111027831	-0.495579816826878	0.3362801221
13.248844013815775	1.680894e+04	4.328371e-02	9.620140265629011	0.039485883145400	69.016902751507999	-0.498646088347531	0.3342359411
13.293666499092176	1.603170e+04	4.482249e-02	9.650600229617840	0.036204978143209	68.907947944026489	-0.501806632716246	0.3321289115
13.339490166284504	1.533746e+04	4.582367e-02	9.681790519073715	0.032866800856659	68.797621673036659	-0.505022273277660	0.3299851511
13.386263914405404	1.564674e+04	4.677375e-02	9.713679911158243	0.029475964975216	68.686103120642883	-0.508288424921363	0.3278077167
13.432497010895620	1.523396e+04	4.623310e-02	9.745253077914475	0.026140616364582	68.576948595476338	-0.511500782357411	0.3256661451
13.479276322709142	1.387509e+04	4.677931e-02	9.777252605072414	0.022782207223737	68.467579895972776	-0.514734864284825	0.3235100905
13.528212547869790	1.470843e+04	4.893623e-02	9.810785371804183	0.019286389521843	68.354312786566268	-0.518100601079547	0.3212662659
13.575660970984794	1.465020e+04	4.744842e-02	9.843355443128905	0.015913735694716	68.245593758794328	-0.521346966643186	0.3191020222
13.623124874241061	1.684934e+04	4.746390e-02	9.875992450063777	0.012556464635149	68.137914572370562	-0.524577611747608	0.3169482588
13.667309893321109	1.777129e+04	4.418502e-02	9.906425770323878	0.009445811420345	68.038629840551579	-0.527570003987460	0.3149533307
13.710267372314236	1.613066e+04	4.295748e-02	9.936060959680326	0.006435049118472	67.942977433861415	-0.530465335787752	0.3130231095
13.755289250588046	1.472396e+04	4.502188e-02	9.967170727417002	0.003293740368337	67.843643310972453	-0.533485082411312	0.3110099451
13.802339139104863	1.568931e+04	4.704989e-02	9.999737285835467	0.000026272106659	67.740824627900736	-0.536624761296028	0.3089168258
13.847844291987764	1.500570e+04	4.550515e-02	10.031288856995992	-0.003119126309893	67.642333597653760	-0.539645726590003	0.3069028489
