0.571910036181453	5.555515e+03	2.500000e-02	1.030246664814033	8.706413368302501	1139.448191190846501	0.531315344858863	1.0006127520
0.634410036181452	4.880548e+03	6.250000e-02	1.104000654772980	8.057965642290622	1026.305835257044237	0.560078056983547	1.0023450789
0.696910036181452	4.218535e+03	6.250000e-02	1.175362316488266	7.508014813575008	933.938776786829294	0.571143595566619	1.0030596234
0.759410036181452	3.765942e+03	6.250000e-02	1.244606041722645	7.034670943874831	857.081168151830752	0.566983266696713	1.0030884539
0.821910036181452	3.436854e+03	6.250000e-02	1.311949966098708	6.622241898246007	791.732146396564758	0.565415058445418	1.0036227014
0.884410036181452	3.192385e+03	6.250000e-02	1.377567743457333	6.259171135136068	735.402187230010099	0.567084927218636	1.0048242843
0.946910036181452	3.268255e+03	6.250000e-02	1.441595430546457	5.936758946446827	686.221769383320293	0.573300765482290	1.0069772943
1.009410036181451	3.776574e+03	6.250000e-02	1.504139498969964	5.648319525448278	642.810252601287402	0.584254012805379	1.0102966516
1.071910036181451	4.636147e+03	6.250000e-02	1.565280958182951	5.388629432768705	604.087466627557092	0.601004681973391	1.0150847311
1.134410036181451	5.792200e+03	6.250000e-02	1.625084052839990	5.153527863696676	569.281860298082620	0.621980871118581	1.0214019319
1.196910036181451	7.384136e+03	6.250000e-02	1.683599130977005	4.939656190126998	537.761094596065391	0.647496020364114	1.0293996466
1.259410036181451	9.269023e+03	6.250000e-02	1.740873054658628	4.744244230353100	509.125706385415469	0.673196419358745	1.0387893551
1.321910036181450	1.109078e+04	6.250000e-02	1.796946158011512	4.564997011967197	482.959538072617306	0.701220482726828	1.0496684972
1.384410036181450	1.282640e+04	6.250000e-02	1.851860738703280	4.399974086065595	459.029355798565007	0.726688704139866	1.0616294514
1.446910036181450	1.521498e+04	6.250000e-02	1.905668674052887	4.247501906368889	437.196217712041289	0.743603447510085	1.0739495359
1.509410036181450	1.626987e+04	6.250000e-02	1.958423544833329	4.106147761745301	417.220989840607672	0.756047710218885	1.0864923890
1.571910036181450	2.132341e+04	6.250000e-02	2.010170186401460	3.974703170730867	398.808376391154752	0.771846656830035	1.0996432844
1.634410036181450	2.948152e+04	6.250000e-02	2.060957473749085	3.852113703156141	381.883784366047166	0.781233118707185	1.1127800342
1.696910036181450	3.402491e+04	6.250000e-02	2.110832834779419	3.737466574914729	366.277439160366839	0.788167805408590	1.1258926655
1.759410036181449	4.012157e+04	6.250000e-02	2.159843409685462	3.629965281351716	351.872682063196635	0.791495528600536	1.1387829398
1.820638974972388	3.694403e+04	6.122894e-02	2.207057072593145	3.530920438885918	338.755360273702820	0.797442896458059	1.1515049480
1.883138974972387	3.942748e+04	6.250000e-02	2.254494003713263	3.435585095160823	326.527485832301011	0.778559399076414	1.1627654246
1.943594051609469	3.513880e+04	6.045508e-02	2.299674200810721	3.348442051693508	315.320604569538489	0.792774969463750	1.1748304964
2.006094051609469	3.198109e+04	6.250000e-02	2.345718812938679	3.263085560315799	304.842151422153620	0.757750362190010	1.1844069931
2.068594051609469	3.845045e+04	6.250000e-02	2.391122556322598	3.182136115757863	294.971807286873627	0.753944466014390	1.1942969537
2.128037662432174	4.243689e+04	5.944361e-02	2.433726699570465	3.108924803169119	286.044405284720597	0.767345094205545	1.2044714665
2.184122973434155	4.473358e+04	5.608531e-02	2.473433632094203	3.042962734170156	278.197027171326738	0.755805113734097	1.2130343440
2.238309318895318	4.766466e+04	5.418635e-02	2.511373936648352	2.981884120907090	271.122006126850295	0.731908931706788	1.2201554519
2.290405138933686	4.569921e+04	5.209582e-02	2.547476952443699	2.925452589632804	264.648104414548811	0.723018956435086	1.2269037274
2.343231093040837	4.296453e+04	5.282595e-02	2.583746490504466	2.870348750061598	258.606809227519420	0.677767560363353	1.2315420381
2.397328544105118	3.943892e+04	5.409745e-02	2.620558336122659	2.815980687075967	252.746521810110352	0.653013901292606	1.2357396465
2.453394262485168	3.624874e+04	5.606572e-02	2.658381001645963	2.761688032606462	247.035842447617057	0.626946592552591	1.2391025160
2.511457564406376	3.501426e+04	5.806330e-02	2.697218723707421	2.707522831613244	241.427358041119987	0.610350503188775	1.2421023702
2.570108677325590	4.054466e+04	5.865111e-02	2.736118410457833	2.654812584783824	236.003978525602406	0.607095841152158	1.2451897532
2.624224284023155	3.858874e+04	5.411561e-02	2.771696839733729	2.607898185921617	230.954755090526476	0.663667863142202	1.2507999501
2.679337234451272	3.925069e+04	5.511295e-02	2.807674678129928	2.561666199397635	226.525637337546698	0.565060514496368	1.2508457988
2.733632226687094	4.234264e+04	5.429499e-02	2.842868431172627	2.517573972241550	222.157611182788514	0.573832312874387	1.2528127811
2.785582693350791	4.409510e+04	5.195047e-02	2.876311048979932	2.476675446331315	218.096921843041343	0.586001492880008	1.2550823750
2.836193555018816	5.054532e+04	5.061086e-02	2.908693588280525	2.437969554542011	214.439736086822649	0.544551687662597	1.2553776801
2.883201073758946	5.503730e+04	4.700752e-02	2.938588204708433	2.402994670698408	210.987024221746196	0.580974053754419	1.2576250086
2.928019736560289	5.343108e+04	4.481866e-02	2.966940353779453	2.370475576720458	207.940234263040708	0.544905048847925	1.2579846661
2.973289209453721	5.507625e+04	4.526947e-02	2.995450077640759	2.338396481598546	205.113466748290222	0.474757441113248	1.2563314851
3.017664741311195	5.563583e+04	4.437553e-02	3.023269911257175	2.307676884146169	202.301368946562519	0.493015035339574	1.2561758596
3.061612936571477	4.929402e+04	4.394820e-02	3.050707636501602	2.277928006063372	199.688318987704776	0.462463227967017	1.2547920608
3.108092214609039	4.694992e+04	4.647928e-02	3.079627992719060	2.247145442125565	197.214477807325835	0.370613599688230	1.2505656289
3.155493511945558	4.489968e+04	4.740130e-02	3.109012760573474	2.216455116175029	194.598639025712657	0.398865053055487	1.2483367067
3.203735357900697	3.941836e+04	4.824185e-02	3.138810749882466	2.185920017756552	192.066199168653867	0.385999636088646	1.2453217508
3.254977228183797	3.719955e+04	5.124187e-02	3.170365480586407	2.154210472336568	189.624064346840242	0.316904308961449	1.2398351879
3.307461995855466	3.616314e+04	5.248477e-02	3.202574778128570	2.122487589764732	187.041775029777256	0.347374811489725	1.2362428251
3.360425179472740	3.394837e+04	5.296318e-02	3.234965115810260	2.091223441986114	184.526899526485238	0.349863919474608	1.2323971264
3.414814362995928	2.886744e+04	5.438918e-02	3.268124411966943	2.059859032105033	182.119264595511879	0.311585003184038	1.2270756351
3.473496158742222	2.940459e+04	5.868180e-02	3.303819556410506	2.026799687227677	179.813741494538334	0.219103404952623	1.2183838608
3.531324546211392	3.185890e+04	5.782839e-02	3.338872973432769	1.995022595818845	177.207176569618696	0.331890093532218	1.2153924927
3.586588435198757	3.382812e+04	5.526389e-02	3.372250286505137	1.965378945927407	174.808620313621589	0.361025771972120	1.2122543768
3.639953614051918	3.483553e+04	5.336518e-02	3.404378155603050	1.937394009399818	172.643501621032897	0.333831656079095	1.2079946040
3.692292764655890	3.601020e+04	5.233915e-02	3.435801618585908	1.910528927486726	170.628733608282374	0.299557797524326	1.2030682816
3.743535228982877	3.750944e+04	5.124246e-02	3.466489195319353	1.884763066188857	168.712280431832454	0.282801833421942	1.1981630098
3.793520443823280	4.118859e+04	4.998521e-02	3.496351049714856	1.860124700812165	166.872081706699760	0.282547346799818	1.1936208334
3.841016857492380	4.277241e+04	4.749641e-02	3.524653107783597	1.837158634963736	165.097926322943550	0.313602068394191	1.1902727003
3.887438098429817	3.936882e+04	4.642124e-02	3.552258345487541	1.815110565565444	163.523412303136013	0.259259880023839	1.1852373800
3.935636022991597	3.968485e+04	4.819792e-02	3.580886889293126	1.792604265133328	162.095152783717737	0.148091927388457	1.1775164596
3.983449369430470	3.685588e+04	4.781335e-02	3.609240827757282	1.770665765247320	160.524978210974240	0.206799341030632	1.1725895733
4.032868545683899	3.581956e+04	4.941918e-02	3.638516797699342	1.748372635334009	159.114541941750304	0.130661595974118	1.1648927793
4.082795429602308	3.816830e+04	4.992688e-02	3.668054795145694	1.726240625749104	157.605370615054994	0.163911315969488	1.1588557564
4.130966634626558	3.625017e+04	4.817121e-02	3.696503313154829	1.705259309362114	156.079840934239058	0.228163760874810	1.1545478180
4.180205293590663	4.050010e+04	4.923866e-02	3.725556217945628	1.684162958494898	154.789729976286452	0.116213261858726	1.1466244624
4.226606921227214	3.998384e+04	4.640163e-02	3.752884931757732	1.664616736681110	153.313332043756077	0.245310211422685	1.1434660138
4.273136802721618	3.658157e+04	4.652988e-02	3.780265992671668	1.645316498729391	152.145231854664928	0.117186396634793	1.1360438132
4.321605848669732	3.414294e+04	4.846905e-02	3.808779974980994	1.625512648587663	151.004659514887237	0.039223184888379	1.1275621773
4.371587823858710	3.536711e+04	4.998198e-02	3.838172347684389	1.605406712919786	149.780715733313485	0.052596293749325	1.1199371009
4.420508765090018	3.747954e+04	4.892094e-02	3.866909069963447	1.586044776091548	148.452670858700571	0.147004303623557	1.1148358895
4.467854157738514	3.755023e+04	4.734539e-02	3.894688830641527	1.567599219050528	147.225346331647245	0.156379026782667	1.1094184582
4.514985965264562	3.778333e+04	4.713181e-02	3.922324420419093	1.549508640320864	146.120079416900126	0.096658843958401	1.1026267314
4.561806346565556	3.896854e+04	4.682038e-02	3.949760250035325	1.531799240197064	145.018575618105814	0.089781808658641	1.0962746636
4.607748822070259	3.670242e+04	4.594248e-02	3.976661022317601	1.514672471170800	143.917446204355798	0.112334474845010	1.0906772297
4.654927980919734	3.496937e+04	4.717916e-02	4.004284440601985	1.497325089747283	142.967448209647500	0.007823413119344	1.0825046279
4.703095072470035	3.364987e+04	4.816709e-02	4.032482449773634	1.479862001770487	141.942420057248313	0.019700256417524	1.0753181669
4.752025483477277	3.192928e+04	4.893041e-02	4.061122969837803	1.462373110656974	140.918891006710453	0.021719366674459	1.0680756109
4.802079527804469	2.864615e+04	5.005404e-02	4.090420612179889	1.444736360418140	139.916132450952091	0.002775670527328	1.0603258843
4.854734541012911	2.704715e+04	5.265501e-02	4.121254293484252	1.426445758469724	138.963676573270391	-0.060595085361960	1.0509644420
4.908720563811662	2.551474e+04	5.398602e-02	4.152871553577923	1.407972380312235	137.901806107024498	-0.017525780837009	1.0430219475
4.964092154085238	2.470481e+04	5.537159e-02	4.185305853770593	1.389311641583106	136.859421218029610	-0.022451675958188	1.0345413436
5.020145612414010	2.216987e+04	5.605346e-02	4.218140221879416	1.370713033229712	135.786376691654908	-0.002593668567108	1.0266050919
5.079086235153535	2.267930e+04	5.894062e-02	4.252691738285201	1.351451883985428	134.834844117784769	-0.094643621644484	1.0159746377
5.137123914814629	2.422376e+04	5.803768e-02	4.286705166915595	1.332793978270094	133.661935411882951	0.032269506121435	1.0094679101
5.193057706773890	2.491148e+04	5.593379e-02	4.319466339869138	1.315100804860759	132.548973449118165	0.076109407238428	1.0033115976
5.248004450460196	2.662890e+04	5.494674e-02	4.351640230949072	1.297984086294525	131.550948249693846	0.038151978178783	0.9961665084
5.300952957797025	2.708201e+04	5.294851e-02	4.382628382150758	1.281735782282444	130.540727405283661	0.070267904084463	0.9903366562
5.353270702491274	2.646809e+04	5.231774e-02	4.413246069414708	1.265905830473264	129.658971009660547	0.006128853911152	0.9831035881
5.406007821443954	2.801457e+04	5.273712e-02	4.444114918943536	1.250166834654496	128.797025529387867	-0.026842768943793	0.9756888519
5.457090325445948	2.854210e+04	5.108250e-02	4.474004449064657	1.235134120640094	127.855596014474287	0.053323315030040	0.9703985406
5.507529229708287	2.779409e+04	5.043890e-02	4.503517574101741	1.220486505372319	127.041491666052963	-0.000923226106159	0.9636783394
5.558474590967155	2.843741e+04	5.094536e-02	4.533337209316429	1.205880466921603	126.270135649501483	-0.052083860531957	0.9563645792
5.608674481299996	3.025263e+04	5.019989e-02	4.562721531184619	1.191674405648793	125.442030089376146	-0.005402760442803	0.9504314792
5.657188051728252	3.167226e+04	4.851357e-02	4.591113593416144	1.178120797172266	124.630204839839507	0.028994755706675	0.9451007754
5.704455077904540	3.040685e+04	4.726703e-02	4.618777306459322	1.165075156582042	123.902728894823866	-0.007016059800406	0.9391523264
5.752550926976731	3.594901e+04	4.809585e-02	4.646943453961518	1.151952159322060	123.263352324352283	-0.102469882402829	0.9317700326
5.796650017310213	3.583434e+04	4.409909e-02	4.672749473409320	1.140067653296170	122.407568093158702	0.131155397014651	0.9292762132
5.840697476375093	3.290831e+04	4.404746e-02	4.698534721562892	1.128323103393745	121.846779938438388	-0.066663782668795	0.9224937172
5.886535174954859	3.179166e+04	4.583770e-02	4.725391623804105	1.116226716453535	121.293323288143469	-0.157904021944989	0.9151486422
5.933038210794784	3.115978e+04	4.650304e-02	4.752654555033850	1.104087280950883	120.651161613624410	-0.104266390687018	0.9090904382
5.979875475264012	3.236779e+04	4.683726e-02	4.780128627489703	1.091993914659892	120.021494277562567	-0.096523143766226	0.9029049699
6.025698155315221	3.406242e+04	4.582268e-02	4.807011653074037	1.080294520111075	119.344323544555522	-0.026928327413346	0.8979451159
6.070241359002740	3.256654e+04	4.454320e-02	4.833145377022293	1.069045977292951	118.699122110373480	-0.009315127151665	0.8930880169
6.115672754959411	3.412611e+04	4.543140e-02	4.859818061833660	1.057690200078580	118.163672715919219	-0.123081669564548	0.8864430866
6.159931941187922	3.389007e+04	4.425919e-02	4.885805505366308	1.046745411583931	117.515446095859701	-0.021137527288708	0.8820240377
6.204226714676002	3.276345e+04	4.429477e-02	4.911823218363680	1.035903890558054	116.949600817019231	-0.068020765835742	0.8765025443
6.249157150964258	3.080787e+04	4.493044e-02	4.938231515721808	1.025016439217781	116.417267593933872	-0.122657072565595	0.8704216961
6.295367606976236	2.838762e+04	4.621046e-02	4.965415472051198	1.013930164814392	115.891667332277549	-0.158725095713335	0.8639878798
6.343375703545392	2.820764e+04	4.800810e-02	4.993685159242101	1.002529130514450	115.359393360555757	-0.179663809781739	0.8572538652
6.391400203714650	2.628090e+04	4.802450e-02	5.021977842879230	0.991247335784090	114.732232443594924	-0.083648630139978	0.8520863080
6.441013635388773	2.680173e+04	4.961343e-02	5.051235793211496	0.979713561073370	114.212489459008026	-0.174804712647364	0.8450039326
6.490000153289414	2.536890e+04	4.898652e-02	5.080136440297164	0.968451067706963	113.578141875181743	-0.074903510106044	0.8399688938
6.540207619433835	2.478339e+04	5.020747e-02	5.109786757982596	0.957028829897418	113.063482390249035	-0.172492737063488	0.8329631845
6.590857105600568	2.456137e+04	5.064949e-02	5.139721655475540	0.945630652848024	112.481525837576072	-0.135515298767862	0.8269850398
6.641586624262276	2.346497e+04	5.072952e-02	5.169724780974727	0.934338949106406	111.901643417094036	-0.120194315509743	0.8211143695
6.693336950196344	2.252258e+04	5.175033e-02	5.200361297639101	0.922943316369167	111.365729247441692	-0.165762252652384	0.8144701435
6.746003033482030	2.281496e+04	5.266608e-02	5.231571468791907	0.911471545338409	110.815552701799376	-0.170601014601615	0.8079433862
6.798174235354789	2.647301e+04	5.217120e-02	5.262506011398697	0.900235359036131	110.202147410859823	-0.096497366365161	0.8026402275
6.846464419726905	2.472324e+04	4.829018e-02	5.291128482960449	0.889955995626264	109.513435275650778	0.067388535217368	0.7996484956
6.896298899668317	2.528266e+04	4.983448e-02	5.320697983544258	0.879452664091777	109.100916373741512	-0.195707145908387	0.7923484837
6.945441839617579	2.465265e+04	4.914294e-02	5.349870664131237	0.869204066379780	108.522135744365727	-0.084283655602764	0.7877934014
6.995072878100774	2.359111e+04	4.963104e-02	5.379356946888281	0.858958254440534	108.033729782084663	-0.148188674071087	0.7819320658
7.045669024785265	2.125676e+04	5.059615e-02	5.409445692245251	0.848618244626352	107.545514836395654	-0.175272380424335	0.7759539543
7.098822522223208	2.057914e+04	5.315350e-02	5.441099907770725	0.837863698425840	107.096023186891031	-0.248098665589579	0.7689038968
7.152686670977583	2.172869e+04	5.386415e-02	5.473207382548722	0.827082239179338	106.540700859629794	-0.160444064545887	0.7633470661
7.204952648898750	2.157853e+04	5.226598e-02	5.504370660172176	0.816738119101740	105.930471720620531	-0.047128961111799	0.7591262783
7.257251490964736	2.355430e+04	5.229884e-02	5.535575783932036	0.806496810869562	105.432006798360391	-0.126441299562781	0.7534345011
7.307167550582539	2.335098e+04	4.991606e-02	5.565362318803112	0.796828207610857	104.846808239399877	-0.019263980082443	0.7497010063
7.357166111328917	2.245684e+04	4.999856e-02	5.595220937892950	0.787239522978659	104.401769217847374	-0.143432986709096	0.7440659222
7.408014106788227	2.129215e+04	5.084800e-02	5.625617269991534	0.777582711383963	103.954422804572076	-0.186710613678415	0.7383841440
7.460093026368658	1.974391e+04	5.207892e-02	5.656785965474393	0.767788291979574	103.512063786343504	-0.215004510276416	0.7324663481
7.514026116362127	2.129462e+04	5.393309e-02	5.689108433782914	0.757744665336006	103.074854716072267	-0.243846122135005	0.7261740993
7.565810607144439	2.081707e+04	5.178449e-02	5.720151925772985	0.748205315132196	102.487156747299224	-0.050540651310956	0.7226321358
7.618043393330099	2.157876e+04	5.223279e-02	5.751493724469342	0.738678763997546	102.059238339388102	-0.173686634207976	0.7168565457
7.669206064690971	2.156699e+04	5.116267e-02	5.782212216232707	0.729441885914612	101.561888303669164	-0.113972136309233	0.7124185795
7.720246572507682	2.169769e+04	5.104051e-02	5.812881168104584	0.720317293749309	101.113097884594467	-0.146846110799096	0.7074401180
7.770998711072415	2.260525e+04	5.075214e-02	5.843398998377237	0.711332736781638	100.655495207822781	-0.138493293790657	0.7027603440
7.820591591911066	2.308752e+04	4.959288e-02	5.873234595103017	0.702639293233374	100.182387101939497	-0.096741947586199	0.6986570660
7.869538980549131	2.427181e+04	4.894739e-02	5.902701572329825	0.694139518568436	99.757629815099662	-0.133058243616555	0.6941193116
7.917157988838994	2.467483e+04	4.761901e-02	5.931382144832339	0.685947685686110	99.311016469342221	-0.094525277707469	0.6902656807
7.964272179868209	2.569979e+04	4.711419e-02	5.959776847564121	0.677915172962759	98.910049446729587	-0.133567816632073	0.6859745724
8.010327201281536	2.462631e+04	4.605502e-02	5.987547161768867	0.670132982642889	98.493883954022024	-0.107024327678422	0.6822027772
8.057266075488023	2.526263e+04	4.693887e-02	6.015879523298994	0.662267331197515	98.157310598425070	-0.219935101901357	0.6772299551
8.103500766485656	2.454083e+04	4.623469e-02	6.043803685229896	0.654587164112961	97.741367168181711	-0.129508518846761	0.6735827946
8.150301963964518	2.363744e+04	4.680120e-02	6.072096729714199	0.646877585309923	97.395071651403683	-0.203815276370616	0.6689425862
8.197877888753387	2.274561e+04	4.757592e-02	6.100886811741637	0.639105970750713	97.034765402366034	-0.212665760821246	0.6644238727
8.246262971671925	2.301951e+04	4.838508e-02	6.130196728072960	0.631269018530099	96.671994673499242	-0.216954476820491	0.6598637284
8.294244218964510	2.207032e+04	4.798125e-02	6.159283797885411	0.623565389767098	96.273487723546452	-0.157792925703414	0.6559561302
8.343130538699263	2.265005e+04	4.888632e-02	6.188951160117178	0.615782665153665	95.930048602333159	-0.224190027299391	0.6512059445
8.391271386578746	2.366883e+04	4.814085e-02	6.218185326929256	0.608186227048065	95.521566024627347	-0.138567105122786	0.6475674327
8.438253937504122	2.534823e+04	4.698255e-02	6.246730622450224	0.600837398696342	95.126352711742868	-0.109902390589307	0.6440488748
8.483549598252541	2.479547e+04	4.529566e-02	6.274260717716328	0.593813271380879	94.734963987633790	-0.078865954161292	0.6408709404
8.529246776826058	2.336703e+04	4.569718e-02	6.302059459105712	0.586782870725095	94.426276427973093	-0.201396449709210	0.6365692184
8.576216047685215	2.375187e+04	4.696927e-02	6.330663839158917	0.579613173920886	94.115389499331656	-0.249084948683285	0.6321349537
8.622697879311307	2.389208e+04	4.648183e-02	6.358991110130169	0.572576502594812	93.741173705539239	-0.155527134449715	0.6287144246
8.668939783357592	2.262653e+04	4.624190e-02	6.387194108605724	0.565632706625684	93.403798739634482	-0.175633953220729	0.6249128124
8.716352274042739	2.557404e+04	4.741249e-02	6.416141878188598	0.558569026348151	93.095575404722425	-0.238740630611522	0.6205815992
8.760848190467550	2.577310e+04	4.449592e-02	6.443311271788823	0.551997036645376	92.664926661129286	-0.019800233651821	0.6184729961
8.805078394252115	2.534034e+04	4.423020e-02	6.470338865974252	0.545514107860297	92.378678590805649	-0.180421032998568	0.6145458379
8.849591418635566	2.521268e+04	4.451302e-02	6.497562251617222	0.539038736798717	92.073556908211714	-0.201849562989559	0.6108824704
8.894123404678332	2.516571e+04	4.453199e-02	6.524818894637153	0.532609588324229	91.759489108862923	-0.190127405415800	0.6073953920
8.938603731844209	2.395971e+04	4.448033e-02	6.552063861801548	0.526236650149257	91.441975429436255	-0.175802423431409	0.6040227375
8.984094884568435	2.339066e+04	4.549115e-02	6.579955195280760	0.519767187346830	91.154940705960982	-0.232577632883642	0.6001359136
9.030038389758388	2.287301e+04	4.594351e-02	6.608148780708330	0.513283119350121	90.841792242606601	-0.207906998004113	0.5965790889
9.076399655536129	2.224390e+04	4.636127e-02	6.636624306849515	0.506790129686747	90.534000784776836	-0.210112446673117	0.5929440650
9.123310985832788	2.169026e+04	4.691133e-02	6.665465921787750	0.500270216266876	90.234302308107274	-0.227347260392739	0.5891745588
9.170714352745296	2.417018e+04	4.740337e-02	6.694638149835751	0.493732712087709	89.927001496250227	-0.222017331116248	0.5854870617
9.215522122814159	2.198677e+04	4.480777e-02	6.722218536561083	0.487604121408964	89.541228997004396	-0.047224512492579	0.5833038843
9.262405597547994	2.026472e+04	4.688347e-02	6.751112452350277	0.481237362076332	89.316869156379894	-0.296312496596166	0.5787431226
9.311135870606229	2.121110e+04	4.873027e-02	6.781181811143744	0.474669206415711	89.030910163712903	-0.284605606347908	0.5747527528
9.358660914319834	2.359555e+04	4.752504e-02	6.810524021390611	0.468315796052085	88.666027787431219	-0.129179285751657	0.5720352073
9.403623517469782	2.316688e+04	4.496260e-02	6.838290617090708	0.462353760603174	88.311904915657550	-0.055608038183848	0.5696363371
9.448907981624531	2.238147e+04	4.528446e-02	6.866278924669460	0.456392918160020	88.050367736694582	-0.201689725385708	0.5660465907
9.494886157257218	2.221892e+04	4.597818e-02	6.894722252479325	0.450384748479756	87.772908996392658	-0.225356142267527	0.5626101208
9.540936936270690	2.246328e+04	4.605078e-02	6.923232825194976	0.444411917451061	87.473555527306218	-0.190194484917625	0.5594979268
9.586642147738237	2.159676e+04	4.570521e-02	6.951548392363795	0.438528430728454	87.170440675438314	-0.163481185926952	0.5565391464
9.633160222771128	2.265540e+04	4.651808e-02	6.980395265661849	0.432583631645084	86.906847698985587	-0.234316852189068	0.5530072323
9.678484504222325	2.395500e+04	4.532428e-02	7.008515128886429	0.426835758516638	86.577312663720861	-0.116186090332150	0.5505447223
9.722473669192775	2.334083e+04	4.398916e-02	7.035819555411886	0.421298531214902	86.281997546939536	-0.119768840519493	0.5478912837
9.766951265758367	2.566219e+04	4.447760e-02	7.063451488005830	0.415738469639185	86.038294661022832	-0.226147055977983	0.5445582776
9.809286452559473	2.446904e+04	4.233519e-02	7.089758164662834	0.410485346290450	85.708869574165661	-0.057211374513233	0.5426665509
9.852561012377810	2.304796e+04	4.327456e-02	7.116673732461218	0.405150829717975	85.495977943204551	-0.249774341205113	0.5392079858
9.897065318377035	2.089731e+04	4.450431e-02	7.144381319967548	0.399701325019060	85.249993040230123	-0.255963723138464	0.5360388521
9.943712920654573	2.034802e+04	4.664760e-02	7.173458643692633	0.394027692456643	85.018465473229071	-0.306663909018102	0.5324349201
9.990890041222372	1.904146e+04	4.717712e-02	7.202892504931321	0.388331145182813	84.732841944938457	-0.221093952886074	0.5294860293
10.039559131330341	1.875933e+04	4.866909e-02	7.233290749691705	0.382496618212978	84.479085115767944	-0.266347812169241	0.5259841784
10.088489695054845	1.830508e+04	4.893056e-02	7.263878503860170	0.376675008356183	84.184435205021188	-0.203746087567003	0.5230094453
10.137919254361567	1.814792e+04	4.942956e-02	7.294807627353745	0.370838068779558	83.911456621376786	-0.225380028332926	0.5197503627
10.187457025550945	1.887104e+04	4.953777e-02	7.325830686527532	0.365032912703042	83.622199326905431	-0.199670435891398	0.5167316335
10.235933441611632	1.941985e+04	4.847642e-02	7.356207325705355	0.359396161260469	83.316476294309240	-0.143864297759458	0.5141089699
10.283621196060571	1.975801e+04	4.768775e-02	7.386107516484250	0.353893099671523	83.028245283388671	-0.145343173026391	0.5114230016
10.330803304896381	1.806717e+04	4.718211e-02	7.415709845681664	0.348488574674106	82.752722703999183	-0.161324734995646	0.5086933753
10.380045269602242	1.873702e+04	4.924196e-02	7.446641398431412	0.342887278297896	82.530920066490282	-0.292644523683165	0.5050846350
10.428298487652254	1.810296e+04	4.825322e-02	7.476967432542390	0.337440625523723	82.209261480517156	-0.125212376091132	0.5028759792
10.477289819246993	1.739320e+04	4.899133e-02	7.507783849957831	0.331950972463887	81.956952522684219	-0.210879884353111	0.4997720531
10.527168064765357	1.928869e+04	4.987825e-02	7.539190131993551	0.326402415236045	81.705309636018654	-0.246378447992813	0.4965971279
10.574433438177584	1.985461e+04	4.726537e-02	7.568956121648999	0.321186150280042	81.362220079169745	-0.040941566347691	0.4949089506
10.620928639694986	2.066615e+04	4.649520e-02	7.598253551098700	0.316091906218898	81.110149190974283	-0.144480659081722	0.4922515657
10.666413841617608	2.142033e+04	4.548520e-02	7.626927641525647	0.311143945506169	80.837788605456055	-0.119938674864745	0.4900056914
10.711007064774920	2.230566e+04	4.459322e-02	7.655052954147921	0.306326691650312	80.580561075540643	-0.129574493078532	0.4877234979
10.754626006230081	2.197101e+04	4.361894e-02	7.682576468404099	0.301646659961889	80.328090454815580	-0.127206460852302	0.4855380731
10.798497093063963	2.149829e+04	4.387109e-02	7.710280066951221	0.296969748591010	80.112283518559650	-0.211222102938056	0.4829144147
10.842768137537222	1.938704e+04	4.427104e-02	7.738258147237585	0.292280486089730	79.886309003683209	-0.217482209124536	0.4804016597
10.889303111310481	1.821331e+04	4.653497e-02	7.767702186953453	0.287382002980996	79.696281849922343	-0.323021256742603	0.4772270278
10.937223029903334	1.862879e+04	4.791992e-02	7.798053820056973	0.282371246820523	79.460901075512723	-0.268540485292410	0.4744748486
10.984513252009508	1.800506e+04	4.729022e-02	7.828022993468322	0.277461756096523	79.180050131478026	-0.141733274786124	0.4723794858
11.032523447238193	1.822520e+04	4.801020e-02	7.858473885647506	0.272511704628009	78.951018928116170	-0.217143952521959	0.4696223206
11.080150264072929	1.861041e+04	4.762682e-02	7.888700075016919	0.267635973595885	78.687370103721193	-0.158643639990675	0.4673609869
11.127191215795438	1.950924e+04	4.704095e-02	7.918571527596233	0.262854034360868	78.433817692288514	-0.150553108144902	0.4650842270
11.173049009398364	1.918535e+04	4.585779e-02	7.947704575515753	0.258224925824079	78.175854281690576	-0.119318380840659	0.4630292573
11.219207443249683	1.816484e+04	4.615843e-02	7.977051089120391	0.253596083098758	77.960827799859032	-0.208663574349921	0.4604673564
11.266557429129195	1.950434e+04	4.734999e-02	8.007183072679315	0.248878651734618	77.746047453575557	-0.249021391169454	0.4578075380
11.312166509003541	2.067947e+04	4.560908e-02	8.036216610201228	0.244366657228469	77.466269177310721	-0.087998776490878	0.4561405351
11.356380659204500	2.125786e+04	4.421415e-02	8.064373412342912	0.240021944506503	77.229518168961050	-0.112513529395026	0.4541510408
11.399912970670465	2.076673e+04	4.353231e-02	8.092109777299454	0.235771668354363	77.006898769257702	-0.143716382273692	0.4520997709
11.443881488210119	1.966091e+04	4.396852e-02	8.120144804091145	0.231505132145148	76.807448144350303	-0.215137242882279	0.4497600300
11.488991516089373	1.949751e+04	4.511003e-02	8.148933582680037	0.227154436655892	76.611472701085788	-0.257750478320941	0.4472896981
11.534210084203597	1.833642e+04	4.521857e-02	8.177811990956871	0.222820971068805	76.386947633748647	-0.199752098732300	0.4451733664
11.580755933795455	1.776441e+04	4.654585e-02	8.207565635224354	0.218388063457339	76.189577865566122	-0.259156093448313	0.4426338507
11.627959441431246	1.793476e+04	4.720351e-02	8.237764115666190	0.213921624798952	75.967000180878046	-0.222132652253415	0.4403528805
11.674852044614056	2.014044e+04	4.689260e-02	8.267782508302737	0.209514158114068	75.731445843947697	-0.171939849600246	0.4382876409
11.719022088403213	2.034293e+04	4.417004e-02	8.296062095530349	0.205391170515428	75.465761847382382	-0.040714460101569	0.4368807893
11.762896779292330	1.964367e+04	4.387469e-02	8.324168458213817	0.201321195047725	75.269408049490778	-0.166607229846158	0.4347296575
11.807470103506640	1.870392e+04	4.457332e-02	8.352745631379959	0.197211125696390	75.082665977128812	-0.239608707100219	0.4324259164
11.853071255034401	1.800868e+04	4.560115e-02	8.382006824242795	0.193031717783571	74.886368556892094	-0.247825184335894	0.4301592632
11.899463118605652	1.716387e+04	4.639186e-02	8.411799895427814	0.188806215591914	74.681175306530818	-0.233951696229598	0.4279467819
11.946898748549680	1.666350e+04	4.743563e-02	8.442292280119165	0.184512413002935	74.487207354657826	-0.266005516064445	0.4255340493
11.994954293771299	1.583538e+04	4.805555e-02	8.473209371089720	0.180190357873091	74.274379309087067	-0.233688145315538	0.4233084870
12.044160356134958	1.582777e+04	4.920606e-02	8.504897411408836	0.175793136150657	74.074279031833100	-0.263278904432155	0.4208591244
12.093286476336672	1.498944e+04	4.912612e-02	8.536555090712259	0.171432725934137	73.837208432529110	-0.179634300518048	0.4188710754
12.143673971383103	1.551977e+04	5.038750e-02	8.569056676090341	0.166989597338331	73.638579818686509	-0.254865516263260	0.4163599978
12.193099083377628	1.532594e+04	4.942511e-02	8.600954802616821	0.162661614842752	73.389530866031237	-0.144832504955405	0.4145439987
12.242743439202568	1.564329e+04	4.964436e-02	8.633018958418553	0.158343338311382	73.181329301683093	-0.206301063056603	0.4122780184
12.291790329507551	1.413138e+04	4.904689e-02	8.664714299859016	0.154106142906837	72.944499074051805	-0.146303184110929	0.4104223637
12.343299832467951	1.359228e+04	5.150950e-02	8.698040855924868	0.149684183558217	72.776956283234711	-0.319029698622618	0.4075930267
12.395720176391503	1.301710e+04	5.242034e-02	8.731986737763922	0.145214748981718	72.546150128374592	-0.229221306628219	0.4054253580
12.449181931638883	1.371737e+04	5.346176e-02	8.766640227543032	0.140687850812218	72.331474983148894	-0.244666599743161	0.4030181983
12.501158161684106	1.437351e+04	5.197623e-02	8.800345996303230	0.136318958845562	72.068043083982801	-0.115916069066614	0.4013230932
12.551836865755645	1.641400e+04	5.067870e-02	8.833225123443786	0.132089339991974	71.832081269278277	-0.119217943879082	0.3994698946
12.599172688487231	1.806565e+04	4.733582e-02	8.863936137221506	0.128166972910367	71.569625312021557	-0.006062179022287	0.3982369100
12.644214593581058	1.740605e+04	4.504191e-02	8.893164712984676	0.124459101201540	71.354834285239207	-0.059201550855077	0.3967007666
12.690026518295532	1.783278e+04	4.581192e-02	8.922915314386085	0.120709952707651	71.190404704244443	-0.227001215269978	0.3945623254
12.735211482773467	1.901913e+04	4.518496e-02	8.952272928330387	0.117034755313812	70.981326922866899	-0.146050136567315	0.3929983093
12.778892704618388	1.808022e+04	4.368122e-02	8.980662207089908	0.113503633630197	70.772256920952756	-0.095031055509865	0.3915864690
12.823622897108695	1.781177e+04	4.473019e-02	9.009756031125960	0.109907967036294	70.616426297540201	-0.245358499144092	0.3895186780
12.868616077693709	1.816130e+04	4.499318e-02	9.039038584972200	0.106312347933268	70.423568185447692	-0.186751407884866	0.3878609699
12.913101960937844	1.726691e+04	4.448588e-02	9.068003851966505	0.102778534642040	70.224095241989957	-0.138289804332093	0.3863415865
12.958652508995652	1.703922e+04	4.555055e-02	9.097685803133192	0.099180628611735	70.062910051947298	-0.245015664976466	0.3843347969
13.004431524146204	1.600493e+04	4.577902e-02	9.127535651429287	0.095585969958287	69.872683761417889	-0.195222752981981	0.3826514725
13.051589286759391	1.767618e+04	4.715776e-02	9.158311803886720	0.091904295697387	69.708821190322155	-0.267668132105185	0.3805897591
13.096386896661103	1.868059e+04	4.479761e-02	9.187553550915336	0.088429030054875	69.476464352073521	-0.061546187169609	0.3794930120
13.139894135287495	1.900843e+04	4.350724e-02	9.215963136176700	0.085073784718779	69.292386930557370	-0.113952771714573	0.3779946225
13.182958033202649	1.694925e+04	4.306390e-02	9.244096967406778	0.081771430487847	69.119904218017197	-0.159581160794634	0.3764255721
13.228493454484219	1.529354e+04	4.553542e-02	9.273876643278427	0.078297715685905	68.990543465806397	-0.334877869096430	0.3742103328
13.276353387704875	1.551562e+04	4.785993e-02	9.305209775941989	0.074666798577109	68.831660805240688	-0.322646951051593	0.3721549928
13.323789509751325	1.544667e+04	4.743612e-02	9.336283028639064	0.071090065428071	68.623428928591721	-0.169160553678128	0.3706909605
13.371252194130667	1.528533e+04	4.746268e-02	9.367393773598989	0.067532788915519	68.442548577506031	-0.194389404961748	0.3689522604
13.418885428180825	1.480422e+04	4.763323e-02	9.398636412770708	0.063984131401463	68.258905698229924	-0.193785448369420	0.3672532613
13.467205957991736	1.534598e+04	4.832053e-02	9.430353472545294	0.060405638994670	68.083629852096578	-0.222872575188255	0.3654344896
13.514586004634250	1.533573e+04	4.738005e-02	9.461467014959132	0.056918550177199	67.879317585852206	-0.133544927068852	0.3640227094
13.561903891881359	1.678329e+04	4.731789e-02	9.492557136086495	0.053456919630690	67.698935948602369	-0.170647060583119	0.3623810731
13.607061058042859	1.625341e+04	4.515717e-02	9.522232883524287	0.050173853372391	67.487106602599425	-0.056208730788188	0.3612607987
13.652876850508498	1.636797e+04	4.581579e-02	9.552363098930302	0.046861378324263	67.341045984418130	-0.229196252457003	0.3594071141
13.698459969602199	1.667468e+04	4.558312e-02	9.582355458831511	0.043584747295465	67.156857041171662	-0.160992967864322	0.3579985725
13.743551178067605	1.708311e+04	4.509121e-02	9.612037978461009	0.040362098278050	66.979291553798831	-0.149912652216729	0.3565753508
13.788031258763967	1.585054e+04	4.448008e-02	9.641330981672480	0.037201193383914	66.803922492823602	-0.142499430243550	0.3551926319
13.834138198353351	1.634191e+04	4.610694e-02	9.671721750105432	0.033942069300225	66.666853152615730	-0.280890921298995	0.3533031905
13.879475279965105	1.637661e+04	4.533708e-02	9.701618999235976	0.030755794552180	66.478358683119197	-0.149767614277510	0.3520348263
13.924694458591910	1.511280e+04	4.521918e-02	9.731456190643399	0.027595439376771	66.318179028560422	-0.193033115254425	0.3504936633
13.971694199528844	1.393269e+04	4.699974e-02	9.762496487462787	0.024328153443355	66.178562656965894	-0.291270613704799	0.3486274016
14.020566066586730	1.443572e+04	4.887187e-02	9.794803917766604	0.020949483415507	66.024442262073109	-0.293574880416823	0.3468024289
14.068499628200328	1.483427e+04	4.793356e-02	9.826506492459075	0.017655665080369	65.827426948140783	-0.149271369230879	0.3455155963
14.115708556638305	1.495078e+04	4.720893e-02	9.857745806025660	0.014430702188261	65.653315850592691	-0.160316722673981	0.3440588044
14.162658614152512	1.398958e+04	4.695006e-02	9.888832586544840	0.011241712556285	65.489532695642268	-0.191407902811749	0.3425310889
14.211118460270308	1.352895e+04	4.845985e-02	9.920946533348770	0.007968339148437	65.342231312281015	-0.268480838903148	0.3407466564
14.260316538780994	1.497203e+04	4.919808e-02	9.953573878366880	0.004664266543902	65.172326578885148	-0.227601527025329	0.3391683111
14.307006864919007	1.469870e+04	4.669033e-02	9.984543586552761	0.001548034050155	64.962969043963341	-0.055370494585445	0.3381913296
14.354056165418852	1.367682e+04	4.704930e-02	10.015774270610333	-0.001574942703793	64.826109312115818	-0.235554661709334	0.3364537344
