           9      7.84588
  0.00628319  0.000199921       0.0062836  0.000199927
  0.00644026  0.000218526      0.00644073  0.000218533
  0.00660127  0.000238805       0.0066018  0.000238814
   0.0067663  0.000260904      0.00676689  0.000260914
  0.00693546  0.000284978      0.00693612   0.00028499
  0.00710885  0.000311195      0.00710958   0.00031121
  0.00728657  0.000339738      0.00728739  0.000339755
  0.00746873  0.000370801      0.00746966  0.000370822
  0.00765545  0.000404597      0.00765648  0.000404622
  0.00784684  0.000441352      0.00784799  0.000441382
  0.00804301  0.000481313       0.0080443  0.000481348
  0.00824408  0.000524742      0.00824553  0.000524784
  0.00845019  0.000571922       0.0084518  0.000571973
  0.00866144  0.000623159      0.00866324  0.000623219
  0.00887798   0.00067878      0.00887998   0.00067885
  0.00909993  0.000739133      0.00910217  0.000739217
  0.00932742  0.000804595      0.00932993  0.000804695
  0.00956061  0.000875567       0.0095634  0.000875686
  0.00979962  0.000952478      0.00980274   0.00095262
   0.0100446   0.00103579       0.0100481   0.00103596
   0.0102957   0.00112598       0.0102996   0.00112618
   0.0105531   0.00122359       0.0105574   0.00122383
    0.010817   0.00132916       0.0108217   0.00132944
   0.0110874   0.00144327       0.0110927   0.00144361
   0.0113646   0.00156657       0.0113705   0.00156696
   0.0116487   0.00169969       0.0116553   0.00170016
   0.0119399   0.00184336       0.0119472   0.00184391
   0.0122384   0.00199829       0.0122465   0.00199894
   0.0125443   0.00216528       0.0125534   0.00216604
    0.012858   0.00234512        0.012868   0.00234602
   0.0131794   0.00253869       0.0131906   0.00253975
   0.0135089   0.00274687       0.0135213   0.00274812
   0.0138466   0.00297061       0.0138603   0.00297207
   0.0141928   0.00321087        0.014208   0.00321259
   0.0145476   0.00346867       0.0145644   0.00347069
   0.0149113   0.00374506       0.0149299   0.00374742
   0.0152841   0.00404113       0.0153046    0.0040439
   0.0156662     0.004358       0.0156889   0.00436124
   0.0160578   0.00469684       0.0160829   0.00470062
   0.0164593   0.00505884        0.016487   0.00506325
   0.0168708   0.00544522       0.0169013   0.00545037
   0.0172925   0.00585727       0.0173263   0.00586326
   0.0177248   0.00629628        0.017762   0.00630324
    0.018168   0.00676359       0.0182089   0.00677168
   0.0186222   0.00726059       0.0186672   0.00726998
   0.0190877   0.00778873       0.0191372   0.00779961
   0.0195649   0.00834948       0.0196193   0.00836207
    0.020054   0.00894439       0.0201137   0.00895894
   0.0205554   0.00957508       0.0206209   0.00959189
   0.0210693    0.0102432       0.0211411    0.0102626
    0.021596    0.0109507       0.0216747     0.010973
   0.0221359    0.0116992       0.0222221    0.0117249
   0.0226893    0.0124909       0.0227836    0.0125205
   0.0232565    0.0133279       0.0233596    0.0133618
   0.0238379    0.0142123       0.0239506    0.0142513
   0.0244339    0.0151466        0.024557    0.0151913
   0.0250447    0.0161333       0.0251791    0.0161846
   0.0256708    0.0171751       0.0258175    0.0172339
   0.0263126    0.0182749       0.0264725    0.0183422
   0.0269704    0.0194357       0.0271447    0.0195126
   0.0276447    0.0206606       0.0278346    0.0207485
   0.0283358     0.021953       0.0285426    0.0220535
   0.0290442    0.0233164       0.0292693    0.0234312
   0.0297703    0.0247545       0.0300152    0.0248857
   0.0305146    0.0262711        0.030781    0.0264209
   0.0312774    0.0278702       0.0315671    0.0280412
   0.0320594    0.0295559       0.0323742    0.0297511
   0.0328609    0.0313325       0.0332029    0.0315553
   0.0336824    0.0332044       0.0340539    0.0334586
   0.0345244    0.0351762       0.0349279    0.0354662
   0.0353875    0.0372525       0.0358254    0.0375832
   0.0362722    0.0394381       0.0367474    0.0398151
    0.037179    0.0417379       0.0376944    0.0421675
   0.0381085    0.0441569       0.0386674    0.0446464
   0.0390612    0.0467003       0.0396671    0.0472576
   0.0400378    0.0493732       0.0406943    0.0500075
   0.0410387    0.0521811         0.04175    0.0529024
   0.0420647    0.0551292        0.042835     0.055949
   0.0431163    0.0582231       0.0439502     0.059154
   0.0441942    0.0614683       0.0450967    0.0625244
   0.0452991    0.0648706       0.0462755    0.0660676
   0.0464315    0.0684357       0.0474875    0.0697907
   0.0475923    0.0721694       0.0487339    0.0737016
   0.0487821    0.0760776       0.0500159    0.0778079
   0.0500017    0.0801661       0.0513345    0.0821178
   0.0512517    0.0844411       0.0526911    0.0866395
    0.052533    0.0889086       0.0540868    0.0913815
   0.0538463    0.0935746        0.055523    0.0963526
   0.0551925    0.0984453       0.0570011     0.101562
   0.0565723     0.103527       0.0585224     0.107019
   0.0579866     0.108826       0.0600885     0.112733
   0.0594363     0.114348       0.0617009     0.118715
   0.0609222     0.120099       0.0633611     0.124974
   0.0624452     0.126086       0.0650709     0.131522
   0.0640064     0.132316        0.066832     0.138371
   0.0656065     0.138794       0.0686461     0.145532
   0.0672467     0.145526       0.0705152     0.153017
   0.0689279     0.152519       0.0724412      0.16084
   0.0706511      0.15978       0.0744261     0.169015
   0.0724173     0.167314       0.0764721     0.177555
   0.0742278     0.175127       0.0785814     0.186477
   0.0760835     0.183225       0.0807562     0.195796
   0.0779855     0.191616       0.0829991     0.205528
   0.0799352     0.200304       0.0853125     0.215693
   0.0819336     0.209295       0.0876991     0.226309
   0.0839819     0.218596       0.0901617     0.237396
   0.0860815     0.228213       0.0927031     0.248975
   0.0882335      0.23815       0.0953264      0.26107
   0.0904393     0.248415       0.0980348     0.273703
   0.0927003     0.259012        0.100832     0.286902
   0.0950178     0.269946         0.10372     0.300693
   0.0973933     0.281224        0.106704     0.315107
   0.0998281      0.29285        0.109788     0.330175
    0.102324     0.304831        0.112975     0.345931
    0.104882      0.31717        0.116271     0.362412
    0.107504     0.329872        0.119678     0.379658
    0.110192     0.342944        0.123203     0.397712
    0.112946     0.356389         0.12685     0.416622
     0.11577     0.370212        0.130625     0.436436
    0.118664     0.384418        0.134533     0.457213
    0.121631     0.399011         0.13858     0.479011
    0.124672     0.413996        0.142774     0.501899
    0.127788     0.429376         0.14712     0.525948
    0.130983     0.445155        0.151626     0.551241
    0.134258     0.461339        0.156301     0.577867
    0.137614      0.47793        0.161153     0.605926
    0.141054     0.494932        0.166191     0.635528
    0.144581     0.512349        0.171424     0.666798
    0.148195     0.530184        0.176864     0.699874
      0.1519     0.548441        0.182523     0.734914
    0.155698     0.567123        0.188413     0.772093
     0.15959     0.586234        0.194549     0.811612
     0.16358     0.605776        0.200945     0.853698
    0.167669     0.625752        0.207618     0.898609
    0.171861     0.646166        0.214589     0.946643
    0.176158     0.667021        0.221876     0.998137
    0.180562     0.688319        0.229504      1.05348
    0.185076     0.710062        0.237497      1.11313
    0.189703     0.732254        0.245885       1.1776
    0.194445     0.754898        0.254701      1.24749
    0.199306     0.777995        0.263979       1.3235
    0.204289     0.801548         0.27376      1.40645
    0.209396     0.825561        0.284091      1.49727
    0.214631     0.850034        0.295022      1.59708
    0.219997     0.874971         0.30661      1.70714
    0.225497     0.900374        0.318921      1.82898
    0.231134     0.926245        0.332027      1.96434
    0.236913     0.952587        0.346008      2.11527
    0.242835     0.979402        0.360956      2.28417
    0.248906      1.00669        0.376969      2.47384
    0.255129      1.03446         0.39416      2.68754
    0.261507      1.06271        0.412649       2.9291
    0.268045      1.09144        0.432572      3.20294
    0.274746      1.12065        0.454073      3.51423
    0.281615      1.15035         0.47731      3.86895
    0.288655      1.18054         0.50245      4.27403
    0.295871      1.21122        0.529675      4.73746
    0.303268      1.24239        0.559173      5.26843
     0.31085      1.27406        0.591144      5.87746
    0.318621      1.30623        0.625794      6.57654
    0.326587       1.3389        0.663336      7.37928
    0.334751      1.37208        0.703988        8.301
     0.34312      1.40576        0.747969      9.35886
    0.351698      1.43994        0.795496      10.5719
     0.36049      1.47464        0.846787      11.9611
    0.369503      1.50985        0.902051      13.5492
     0.37874      1.54558        0.961487      15.3609
    0.388209      1.58182         1.02528      17.4219
    0.397914      1.61859         1.09361      19.7594
    0.407862      1.65588         1.16661      22.4009
    0.418058       1.6937          1.2444      25.3738
     0.42851      1.73204         1.32709      28.7043
    0.439223      1.77092         1.41473      32.4167
    0.450203      1.81033         1.50734      36.5322
    0.461458      1.85028          1.6049      41.0674
    0.472995      1.89077         1.70736      46.0336
     0.48482       1.9318         1.81463      51.4355
     0.49694      1.97338         1.92658      57.2707
    0.509364      2.01551         2.04305       63.529
    0.522098      2.05818         2.16386      70.1923
     0.53515      2.10141         2.28881      77.2357
    0.548529       2.1452         2.41771      84.6275
    0.562242      2.18955         2.55035      92.3312
    0.576298      2.23446         2.68654      100.307
    0.590706      2.27993         2.82614      108.513
    0.605473      2.32597           2.969      116.909
     0.62061      2.37258         3.11504      125.454
    0.636125      2.41976         3.26419      134.114
    0.652028      2.46752         3.41645      142.856
    0.668329      2.51585         3.57185      151.654
    0.685037      2.56477         3.73045      160.488
    0.702163      2.61426         3.89235      169.341
    0.719717      2.66434         4.05769      178.205
     0.73771      2.71501         4.22664      187.074
    0.756153      2.76627         4.39939      195.947
    0.775057      2.81812         4.57615      204.826
    0.794433      2.87056         4.75715      213.717
    0.814294       2.9236         4.94262      222.629
    0.834652      2.97724         5.13282      231.569
    0.855518      3.03148           5.328       240.55
    0.876906      3.08631         5.52844      249.582
    0.898828      3.14176          5.7344      258.677
    0.921299       3.1978         5.94616      267.848
    0.944332      3.25446         6.16398      277.106
     0.96794      3.31172         6.38816      286.463
    0.992138      3.36959         6.61897       295.93
     1.01694      3.42807          6.8567      305.518
     1.04237      3.48716         7.10163      315.238
     1.06842      3.54687         7.35405      325.099
     1.09514      3.60719         7.61427       335.11
     1.12251      3.66812         7.88257       345.28
     1.15058      3.72967         8.15925      355.619
     1.17934      3.79184         8.44462      366.132
     1.20882      3.85462           8.739      376.829
     1.23904      3.91802         9.04269      387.715
     1.27002      3.98204         9.35602      398.798
     1.30177      4.04668         9.67932      410.083
     1.33432      4.11194         10.0129      421.577
     1.36767      4.17781         10.3572      433.286
     1.40187      4.24431         10.7124      445.214
     1.43691      4.31142          11.079      457.367
     1.47284      4.37915         11.4573       469.75
     1.50966       4.4475         11.8478      482.367
      1.5474      4.51647         12.2507      495.224
     1.58608      4.58606         12.6665      508.325
     1.62573      4.65626         13.0956      521.674
     1.66638      4.72708         13.5385      535.275
     1.70804      4.79851         13.9954      549.133
     1.75074      4.87056          14.467      563.252
     1.79451      4.94322         14.9536      577.635
     1.83937       5.0165         15.4558      592.287
     1.88535      5.09038         15.9739      607.211
     1.93249      5.16488         16.5085      622.411
      1.9808      5.23998         17.0602      637.892
     2.03032      5.31569         17.6293      653.656
     2.08108      5.39201         18.2165      669.707
      2.1331      5.46894         18.8224       686.05
     2.18643      5.54646         19.4474      702.688
     2.24109      5.62459         20.0923      719.623
     2.29712      5.70332         20.7575      736.861
     2.35455      5.78264         21.4438      754.405
     2.41341      5.86256         22.1517      772.257
     2.47375      5.94308         22.8819      790.423
     2.53559      6.02419         23.6351      808.905
     2.59898      6.10588          24.412      827.706
     2.66396      6.18817         25.2133      846.831
     2.73055      6.27104         26.0398      866.283
     2.79882       6.3545         26.8922      886.065
     2.86879      6.43853         27.7713      906.181
     2.94051      6.52315         28.6779      926.634
     3.01402      6.60834         29.6129      947.428
     3.08937      6.69411         30.5771      968.567
     3.16661      6.78044         31.5713      990.053
     3.24577      6.86735         32.5966      1011.89
     3.32691      6.95483         33.6538      1034.08
     3.41009      7.04286         34.7438      1056.63
     3.49534      7.13147         35.8677      1079.55
     3.58272      7.22063         37.0266      1102.82
     3.67229      7.31034         38.2213      1126.47
      3.7641      7.40061         39.4531      1150.49
      3.8582      7.49143          40.723      1174.88
     3.95466      7.58281         42.0321      1199.66
     4.05352      7.67472         43.3817      1224.81
     4.15486      7.76718          44.773      1250.35
     4.25873      7.86018         46.2071      1276.28
      4.3652      7.95372         47.6854       1302.6
     4.47433      8.04779         49.2092      1329.32
     4.58619       8.1424         50.7799      1356.43
     4.70084      8.23753         52.3987      1383.95
     4.81836       8.3332         54.0672      1411.88
     4.93882      8.42938         55.7869      1440.21
     5.06229      8.52609         57.5593      1468.95
     5.18885      8.62331         59.3858      1498.11
     5.31857      8.72105         61.2682      1527.69
     5.45154      8.81931         63.2081      1557.69
     5.58783      8.91807         65.2071      1588.12
     5.72752      9.01734         67.2671      1618.97
     5.87071      9.11711         69.3898      1650.26
     6.01748      9.21739         71.5771      1681.98
     6.16791      9.31816         73.8309      1714.14
     6.32211      9.41943         76.1531      1746.74
     6.48016       9.5212         78.5458      1779.78
     6.64217      9.62345          81.011      1813.27
     6.80822      9.72619         83.5509      1847.21
     6.97843      9.82942         86.1676       1881.6
     7.15289      9.93313         88.8635      1916.46
     7.33171      10.0373         91.6408      1951.76
       7.515       10.142         94.5019      1987.54
     7.70288      10.2471         97.4493      2023.77
     7.89545      10.3527         100.485      2060.48
     8.09284      10.4588         103.613      2097.66
     8.29516      10.5654         106.835      2135.31
     8.50254      10.6724         110.153      2173.44
      8.7151      10.7798         113.571      2212.05
     8.93298      10.8878         117.092      2251.14
      9.1563      10.9962         120.718      2290.72
     9.38521       11.105         124.453      2330.78
     9.61984      11.2143           128.3      2371.34
     9.86034       11.324         132.262      2412.39
     10.1068      11.4342         136.342      2453.94
     10.3595      11.5448         140.544      2495.99
     10.6185      11.6559         144.871      2538.54
      10.884      11.7674         149.327       2581.6
     11.1561      11.8793         153.916      2625.17
      11.435      11.9917         158.642      2669.24
     11.7208      12.1045         163.508      2713.83
     12.0139      12.2177         168.519      2758.94
     12.3142      12.3314         173.679      2804.56
     12.6221      12.4455         178.991      2850.71
     12.9376        12.56         184.462      2897.37
     13.2611      12.6749         190.094      2944.57
     13.5926      12.7902         195.893       2992.3
     13.9324       12.906         201.863      3040.55
     14.2807      13.0221         208.011      3089.34
     14.6377      13.1387         214.339      3138.67
     15.0037      13.2557         220.855      3188.54
     15.3788      13.3731         227.562      3238.95
     15.7632      13.4909         234.468       3289.9
     16.1573      13.6091         241.577       3341.4
     16.5612      13.7277         248.895      3393.45
     16.9753      13.8466         256.428      3446.05
     17.3997       13.966         264.183       3499.2
     17.8346      14.0858         272.166      3552.91
     18.2805       14.206         280.383      3607.18
     18.7375      14.3265         288.841      3662.01
      19.206      14.4475         297.547      3717.41
     19.6861      14.5688         306.508      3773.37
     20.1783      14.6905         315.731      3829.89
     20.6827      14.8126         325.224      3886.99
     21.1998      14.9351         334.995      3944.66
     21.7298      15.0579         345.051      4002.91
      22.273      15.1811         355.401      4061.73
     22.8299      15.3047         366.053      4121.13
     23.4006      15.4287         377.015      4181.12
     23.9856       15.553         388.297      4241.69
     24.5853      15.6777         399.908      4302.84
     25.1999      15.8027         411.857      4364.58
     25.8299      15.9282         424.153      4426.91
     26.4756       16.054         436.806      4489.84
     27.1375      16.1801         449.828      4553.36
      27.816      16.3066         463.227      4617.48
     28.5114      16.4335         477.015      4682.19
     29.2241      16.5607         491.203      4747.51
     29.9547      16.6882         505.802      4813.43
     30.7036      16.8162         520.824      4879.96
     31.4712      16.9444         536.281      4947.09
      32.258       17.073         552.186      5014.84
     33.0644       17.202          568.55      5083.19
     33.8911      17.3313         585.387      5152.16
     34.7383       17.461          602.71      5221.75
     35.6068      17.5909         620.534      5291.95
      36.497      17.7213         638.871      5362.78
     37.4094      17.8519         657.738      5434.22
     38.3446      17.9829         677.148      5506.29
     39.3032      18.1143         697.117      5578.99
     40.2858      18.2459         717.661      5652.31
      41.293      18.3779         738.797      5726.26
     42.3253      18.5102          760.54      5800.85
     43.3834      18.6429         782.908      5876.06
      44.468      18.7759         805.918      5951.92
     45.5797      18.9092         829.589      6028.41
     46.7192      19.0428         853.939      6105.54
     47.8872      19.1767         878.988      6183.32
     49.0843       19.311         904.755      6261.73
     50.3115      19.4456          931.26       6340.8
     51.5692      19.5805         958.524      6420.51
     52.8585      19.7157         986.568      6500.86
     54.1799      19.8512         1015.42      6581.87
     55.5344      19.9871         1045.09      6663.54
     56.9228      20.1232         1075.61      6745.86
     58.3459      20.2597            1107      6828.83
     59.8045      20.3965         1139.29      6912.46
     61.2996      20.5336         1172.49      6996.76
     62.8321      20.6709         1206.65      7081.71
     64.4029      20.8086         1241.78      7167.33
      66.013      20.9466         1277.91      7253.62
     67.6633      21.0849         1315.07      7340.57
     69.3549      21.2235         1353.29       7428.2
     71.0888      21.3624          1392.6      7516.49
      72.866      21.5016         1433.02      7605.46
     74.6876      21.6411         1474.59       7695.1
     76.5548      21.7808         1517.35      7785.42
     78.4687      21.9209         1561.32      7876.42
     80.4304      22.0613         1606.53       7968.1
     82.4412      22.2019         1653.03      8060.46
     84.5022      22.3429         1700.85       8153.5
     86.6148      22.4841         1750.03      8247.23
     88.7801      22.6256          1800.6      8341.64
     90.9996      22.7674          1852.6      8436.75
     93.2746      22.9095         1906.08      8532.55
     95.6065      23.0518         1961.06      8629.03
     97.9967      23.1945         2017.61      8726.22
     100.447      23.3374         2075.75       8824.1
     102.958      23.4806         2135.54      8922.67
     105.532      23.6241         2197.01      9021.95
      108.17      23.7678         2260.22      9121.92
     110.874      23.9119         2325.22       9222.6
     113.646      24.0562         2392.05      9323.98
     116.487      24.2007         2460.77      9426.07
     119.399      24.3456         2531.42      9528.87
     122.384      24.4907         2604.07      9632.37
     125.444      24.6361         2678.76      9736.59
      128.58      24.7817         2755.56      9841.52
     131.795      24.9276         2834.51      9947.16
     135.089      25.0738         2915.69      10053.5
     138.467      25.2202         2999.16      10160.6
     141.928      25.3669         3084.97      10268.4
     145.477      25.5139         3173.19      10376.9
     149.113      25.6611         3263.89      10486.1
     152.841      25.8086         3357.14      10596.1
     156.662      25.9563         3453.01      10706.8
     160.579      26.1043         3551.57      10818.2
     164.593      26.2526         3652.89      10930.4
     168.708      26.4011         3757.06      11043.2
     172.926      26.5498         3864.14      11156.8
     177.249      26.6988         3974.23      11271.2
      181.68      26.8481          4087.4      11386.2
     186.222      26.9976         4203.74        11502
     190.878      27.1473         4323.34      11618.6
      195.65      27.2973         4446.28      11735.9
     200.541      27.4475         4572.66      11853.9
     205.555       27.598         4702.58      11972.7
     210.693      27.7488         4836.13      12092.2
     215.961      27.8997         4973.41      12212.4
      221.36      28.0509         5114.53      12333.5
     226.894      28.2024         5259.58      12455.2
     232.566      28.3541         5408.69      12577.7
      238.38       28.506         5561.95        12701
      244.34      28.6581          5719.5        12825
     250.448      28.8105         5881.43      12949.7
      256.71      28.9631         6047.88      13075.3
     263.127       29.116         6218.97      13201.5
     269.705      29.2691         6394.82      13328.6
     276.448      29.4224         6575.57      13456.4
     283.359      29.5759         6761.36      13584.9
     290.443      29.7297         6952.31      13714.2
     297.704      29.8837         7148.58      13844.3
     305.147      30.0379          7350.3      13975.2
     312.776      30.1924         7557.64      14106.8
     320.595      30.3471         7770.73      14239.2
      328.61       30.502         7989.75      14372.3
     336.825      30.6571         8214.85      14506.3
     345.246      30.8124         8446.21        14641
     353.877       30.968         8683.98      14776.5
     362.724      31.1237         8928.35      14912.7
     371.792      31.2797          9179.5      15049.7
     381.087      31.4359         9437.62      15187.5
     390.614      31.5924         9702.89      15326.1
     400.379       31.749         9975.52      15465.5
     410.389      31.9058         10255.7      15605.7
     420.648      32.0629         10543.6      15746.6
     431.165      32.2202         10839.6      15888.3
     441.944      32.3776         11143.7      16030.8
     452.992      32.5353         11456.2      16174.1
     464.317      32.6932         11777.4      16318.2
     475.925      32.8513         12107.4      16463.1
     487.823      33.0096         12446.6      16608.7
     500.019      33.1681         12795.1      16755.2
     512.519      33.3268         13153.3      16902.4
     525.332      33.4857         13521.4      17050.5
     538.466      33.6448         13899.6      17199.3
     551.927      33.8041         14288.3        17349
     565.725      33.9636         14687.7      17499.4
     579.869      34.1233         15098.2      17650.7
     594.365      34.2832           15520      17802.7
     609.224      34.4433         15953.3      17955.6
     624.455      34.6036         16398.7      18109.2
     640.066      34.7641         16856.3      18263.7
     656.068      34.9248         17326.5      18418.9
      672.47      35.0856         17809.7        18575
     689.281      35.2467         18306.2      18731.9
     706.514      35.4079         18816.4      18889.6
     724.176      35.5694         19340.6      19048.1
     742.281       35.731         19879.2      19207.4
     760.838      35.8928         20432.6      19367.6
     779.859      36.0548         21001.3      19528.5
     799.355      36.2169         21585.6      19690.3
     819.339      36.3793           22186      19852.9
     839.823      36.5418         22802.8      20016.3
     860.818      36.7045         23436.7      20180.5
     882.339      36.8674         24087.9      20345.5
     904.397      37.0305           24757      20511.4
     927.007      37.1938         25444.5      20678.1
     950.182      37.3572         26150.8      20845.6
     973.937      37.5208         26876.5      21013.9
     998.285      37.6846         27622.2      21183.1
     1023.24      37.8485         28388.3      21353.1
     1048.82      38.0126         29175.3      21523.9
     1075.04      38.1769           29984      21695.5
     1101.92      38.3414         30814.8        21868
     1129.47       38.506         31668.4      22041.3
      1157.7      38.6708         32545.4      22215.5
     1186.65      38.8358         33446.4      22390.5
     1216.31       39.001           34372      22566.3
     1246.72      39.1663           35323      22742.9
     1277.89      39.3317           36300      22920.4
     1309.84      39.4974         37303.8      23098.7
     1342.58      39.6632           38335      23277.9
     1376.15      39.8291         39394.4      23457.9
     1410.55      39.9952         40482.7      23638.8
     1445.81      40.1615         41600.8      23820.4
     1481.96      40.3279         42749.5        24003
     1519.01      40.4945         43929.5      24186.4
     1556.98      40.6613         45141.8      24370.6
     1595.91      40.8282         46387.2      24555.7
     1635.81      40.9953         47666.5      24741.6
      1676.7      41.1625         48980.8      24928.3
     1718.62      41.3298           50331        25116
     1761.58      41.4974           51718      25304.4
     1805.62       41.665         53142.8      25493.7
     1850.76      41.8328         54606.4      25683.9
     1897.03      42.0008           56110      25874.9
     1944.46      42.1689         57654.6      26066.8
     1993.07      42.3372         59241.2      26259.5
      2042.9      42.5056         60871.1      26453.1
     2093.97      42.6742         62545.4      26647.6
     2146.32      42.8429         64265.2      26842.9
     2199.98      43.0117         66031.9        27039
     2254.98      43.1807         67846.7        27236
     2311.35      43.3498         69710.9      27433.9
     2369.14      43.5191         71625.8      27632.7
     2428.36      43.6885         73592.8      27832.3
     2489.07       43.858         75613.2      28032.7
      2551.3      44.0277         77688.7        28234
     2615.08      44.1975         79820.5      28436.2
     2680.46      44.3675         82010.3      28639.3
     2747.47      44.5376         84259.6      28843.2
     2816.16      44.7078           86570        29048
     2886.56      44.8782         88943.2      29253.7
     2958.73      45.0487         91380.8      29460.2
     3032.69      45.2193         93884.6      29667.6
     3108.51        45.39         96456.3      29875.9
     3186.22      45.5609         99097.9        30085
     3265.88      45.7319          101811        30295
     3347.53      45.9031          104598      30505.9
     3431.21      46.0743          107460      30717.7
     3516.99      46.2457          110400      30930.3
     3604.92      46.4172          113420      31143.8
     3695.04      46.5889          116522      31358.2
     3787.42      46.7606          119708      31573.4
      3882.1      46.9325          122980      31789.6
     3979.16      47.1045          126340      32006.6
     4078.64      47.2766          129792      32224.5
      4180.6      47.4489          133337      32443.2
     4285.12      47.6212          136978      32662.9
     4392.24      47.7937          140718      32883.4
     4502.05      47.9663          144559      33104.8
      4614.6       48.139          148504      33327.1
     4729.97      48.3119          152556      33550.3
     4848.22      48.4848          156717      33774.4
     4969.42      48.6579          160990      33999.3
     5093.66       48.831          165380      34225.1
        5221      49.0043          169888      34451.9
     5351.52      49.1777          174518      34679.5
     5485.31      49.3512          179272        34908
     5622.44      49.5248          184156      35137.3
     5763.01      49.6985          189171      35367.6
     5907.08      49.8724          194322      35598.8
     6054.76      50.0463          199612      35830.8
     6206.13      50.2203          205045      36063.7
