0.571910036181453	5.555515e+03	2.500000e-02	1.030246664562780	8.706413370669672	1139.448177161071726	0.531315645411708	1.0006127774
0.634410036181452	4.880546e+03	6.250000e-02	1.104000651685625	8.057965667621358	1026.305775587843982	0.560078787578751	1.0023452039
0.696910036181452	4.218620e+03	6.250000e-02	1.175362536952362	7.508013217716929	933.943083857789134	0.571084173381867	1.0030498074
0.759410036181452	3.766201e+03	6.250000e-02	1.244607289303744	7.034662890006199	857.098270249279153	0.566744961897012	1.0030454078
0.821910036181452	3.437549e+03	6.250000e-02	1.311954404747466	6.622216110418003	791.780422579021433	0.564700249138090	1.0034901348
0.884410036181452	3.193742e+03	6.250000e-02	1.377579441756354	6.259109490811238	735.501490211354053	0.565590729742936	1.0045273805
0.946910036181452	3.269560e+03	6.250000e-02	1.441622396490194	5.936629192461371	686.418071805105683	0.570076643046464	1.0063449503
1.009410036181451	3.774494e+03	6.250000e-02	1.504192480834081	5.648085353049339	643.114090039885582	0.579452965684972	1.0092356017
1.071910036181451	4.633139e+03	6.250000e-02	1.565375203591409	5.388244797194436	604.539686872355446	0.593546438420807	1.0133835917
1.134410036181451	5.788507e+03	6.250000e-02	1.625236082456769	5.152952243641810	569.864358872707271	0.612990639641173	1.0190288823
1.196910036181451	7.379371e+03	6.250000e-02	1.683827278614912	4.938851405368508	538.480625697518349	0.636488587017516	1.0262332093
1.259410036181451	9.262211e+03	6.250000e-02	1.741192698853121	4.743189715065280	509.923430247019610	0.662654931225082	1.0349715321
1.321910036181450	1.107999e+04	6.250000e-02	1.797374618358458	4.563670421213023	483.866941626649862	0.688352897513394	1.0449875952
1.384410036181450	1.280969e+04	6.250000e-02	1.852411009937685	4.398369987196524	459.976634970777923	0.715368652272040	1.0563193793
1.446910036181450	1.519912e+04	6.250000e-02	1.906344014019021	4.245642930374172	438.081098717488771	0.738160622330403	1.0684790107
1.509410036181450	1.625222e+04	6.250000e-02	1.959214919695258	4.104085263680735	417.942954727076142	0.759594447142402	1.0814304560
1.571910036181450	2.126241e+04	6.250000e-02	2.011066522379668	3.972485936550290	399.404076958747680	0.777651468542252	1.0949002501
1.634410036181450	2.941963e+04	6.250000e-02	2.061944906954732	3.849790101700103	382.339496743337179	0.790256210095347	1.1085348522
1.696910036181450	3.396113e+04	6.250000e-02	2.111898087611277	3.735076971119752	366.619985444333452	0.797747324332909	1.1220900449
1.759410036181449	4.010170e+04	6.250000e-02	2.160972272403741	3.627546650044047	352.097944878424698	0.803052203533285	1.1355448397
1.820638144492838	3.689628e+04	6.122811e-02	2.208232071536962	3.528509538872811	338.857801295270235	0.812010367996505	1.1489727674
1.883138144492838	3.938560e+04	6.250000e-02	2.255700670745723	3.433212318323268	326.516096466303793	0.794736345669154	1.1609813788
1.943609169393253	3.509700e+04	6.047102e-02	2.300904829726033	3.346116306423109	315.171997172169597	0.813918209984532	1.1740528231
2.006109169393253	3.188970e+04	6.250000e-02	2.346942901803473	3.260862073941232	304.575522843527835	0.780280913750275	1.1846260629
2.068609169393253	3.831719e+04	6.250000e-02	2.392313241635490	3.180054612398316	294.518713731726450	0.787574482080093	1.1961865895
2.128141233945428	4.237057e+04	5.953206e-02	2.434929583721449	3.106894945486022	285.492521327042823	0.795078560113004	1.2073415886
2.184256556258628	4.459773e+04	5.611532e-02	2.474589907414405	3.041073621951599	277.523095919570267	0.788644653210478	1.2172250363
2.238512682996609	4.756538e+04	5.425613e-02	2.512495597986861	2.980106475813334	270.338659079594834	0.766230976244948	1.2255939617
2.290651199870193	4.570855e+04	5.213852e-02	2.548531029093728	2.923829015947298	263.762743314243608	0.759780415290748	1.2336221899
2.343460830310915	4.291146e+04	5.280963e-02	2.584678525600861	2.868953102272282	257.675548681803207	0.707204931563708	1.2391184660
2.397581964698303	3.946475e+04	5.412113e-02	2.621375663126535	2.814790890395665	251.705512592804411	0.692469535799032	1.2448172795
2.453620590842001	3.626537e+04	5.603863e-02	2.659026279404954	2.760775167005056	245.906201223623214	0.667865426003068	1.2496028341
2.511663536871876	3.493420e+04	5.804295e-02	2.697673389385787	2.706897965982763	240.225007876045424	0.649504946783452	1.2539329520
2.570376864259582	4.031948e+04	5.871333e-02	2.736415496099864	2.654415791115317	234.706892498756190	0.650180952530836	1.2585806241
2.624640427635102	3.862235e+04	5.426356e-02	2.771890933492700	2.607645553138549	229.584357446065809	0.705528300607894	1.2655107804
2.679727458515535	3.906523e+04	5.508703e-02	2.807634367200533	2.561717336424724	225.110085297523113	0.603193791692095	1.2666811197
2.734151569923724	4.231864e+04	5.442411e-02	2.842686423991165	2.517799190091421	220.713154885121213	0.605238005826215	1.2695083106
2.786118429436521	4.395907e+04	5.196686e-02	2.875911470459757	2.477158494868881	216.594243078302043	0.626524033652949	1.2730882049
2.836811054398233	5.039467e+04	5.069262e-02	2.908112231383965	2.438656834520110	212.891635931740012	0.584316395643066	1.2744657367
2.883893489920326	5.505236e+04	4.708244e-02	2.937824774949371	2.403878980553677	209.376127459313977	0.628808635919625	1.2780470991
2.928711844434239	5.339005e+04	4.481835e-02	2.965944125575355	2.371607682616114	206.249562699412479	0.604880635520053	1.2799820616
2.974006311427134	5.505472e+04	4.529447e-02	2.994228112144928	2.339758904620149	203.432858833845302	0.506908447413200	1.2787392526
3.018399575231045	5.565315e+04	4.439326e-02	3.021810853235884	2.309273970371632	200.548293914265003	0.547258486204467	1.2800857948
3.062351538292150	4.939289e+04	4.395196e-02	3.048999764487803	2.279764110339276	197.947927154107219	0.493140326223788	1.2791007768
3.108797277138896	4.692660e+04	4.644574e-02	3.077622695414493	2.249261195954757	195.412187923902053	0.421019844367371	1.2762314107
3.156225798329803	4.492903e+04	4.742852e-02	3.106732644127551	2.218815760957845	192.774410344485204	0.441323127116037	1.2748774593
3.204469578747246	3.943049e+04	4.824378e-02	3.136223455140578	2.188548310742660	190.193881542657095	0.436433266785112	1.2731066094
3.255724693353807	3.723511e+04	5.125511e-02	3.167446060022978	2.157117693719292	187.710073184853087	0.366181114355728	1.2687498687
3.308208567727699	3.611649e+04	5.248387e-02	3.199292123612595	2.125691438488632	185.079746997085039	0.400755537243326	1.2664830070
3.361233129814675	3.396580e+04	5.302456e-02	3.231343548543517	2.094687967952947	182.556471585121415	0.389477903794964	1.2633828715
3.415638818337831	2.886241e+04	5.440569e-02	3.264116444137633	2.063616194808259	180.131615413555068	0.350191474864048	1.2589313082
3.474361740109043	2.938079e+04	5.872292e-02	3.299393130174506	2.030860405371305	177.776128396120839	0.267267628170401	1.2514968665
3.532252335407316	3.177858e+04	5.789060e-02	3.334035460151621	1.999368218940668	175.161435397201274	0.372016370052497	1.2493704134
3.587626151699102	3.379872e+04	5.537382e-02	3.367044240531569	1.969963946307180	172.783391526543596	0.386656099591845	1.2466036516
3.641055794154324	3.480178e+04	5.342964e-02	3.398779767818539	1.942232413728403	170.576072009357347	0.380227378763186	1.2435795168
3.693463429444664	3.601056e+04	5.240764e-02	3.429809182529108	1.915614096241382	168.526604505495214	0.350619432349278	1.2397440547
3.744750379950310	3.746280e+04	5.128695e-02	3.460086562209624	1.890101105913941	166.587610625070880	0.331391450842243	1.2357555284
3.794812956115720	4.110069e+04	5.006258e-02	3.489564666235988	1.865686971431448	164.780141003518082	0.304130298260822	1.2312758436
3.842406343184682	4.288918e+04	4.759339e-02	3.517511350494916	1.842919042348789	163.007430592771954	0.341133399342070	1.2284501154
3.888811386617119	3.944277e+04	4.640504e-02	3.544693379111730	1.821118480635951	161.382658591737680	0.317495640817508	1.2246982526
3.937015461255953	3.988799e+04	4.820407e-02	3.572889840831822	1.798854833339012	159.966418180206574	0.180503216387858	1.2172010878
3.984760244324407	3.694765e+04	4.774478e-02	3.600763244701107	1.777188979229897	158.377730306520476	0.251405341380972	1.2131288237
4.034176078165526	3.601695e+04	4.941583e-02	3.629578795168416	1.755140627698094	156.998297908694752	0.148742080767167	1.2053697179
4.084027236295224	3.805972e+04	4.985116e-02	3.658601326281354	1.733284965531928	155.467344569989791	0.204795179829172	1.2002044367
4.132329388943446	3.642662e+04	4.830215e-02	3.686670326582888	1.712474703228707	153.985105449992119	0.238649872933132	1.1956897659
4.181514112040579	4.054510e+04	4.918472e-02	3.715214729757220	1.691634461907260	152.639055495408087	0.172630186139544	1.1890380484
4.227954481531119	4.000569e+04	4.644037e-02	3.742112429308937	1.672287428265943	151.190832005216947	0.271896984129808	1.1859802135
4.274538558992259	3.650156e+04	4.658408e-02	3.769065572068164	1.653177507472441	150.023916314498507	0.144555122368146	1.1788451897
4.323132736384950	3.417396e+04	4.859418e-02	3.797173005198843	1.633538157547378	148.920409882391340	0.042888889536639	1.1700091330
4.373168318472208	3.559804e+04	5.003558e-02	3.826099881033932	1.613627534809072	147.708012542470101	0.066293855914096	1.1625237470
4.422007190416683	3.758008e+04	4.883887e-02	3.854300938182161	1.594504207218544	146.400394785867917	0.162828411253370	1.1575972700
4.469366477522278	3.777914e+04	4.735929e-02	3.881618121783763	1.576245185965020	145.222349075910131	0.151331620411024	1.1517905647
4.516434329064462	3.760282e+04	4.706785e-02	3.908744018240321	1.558366563104305	144.106644872606353	0.122886278136695	1.1455106968
4.563448411807333	3.942728e+04	4.701408e-02	3.935817893326607	1.540767960061247	143.009667955838836	0.112963243668593	1.1393130390
4.609203657679720	3.679118e+04	4.575525e-02	3.962142873620983	1.523886775153327	141.921603913364066	0.135316361443640	1.1339435485
4.656412122132538	3.508689e+04	4.720846e-02	3.989299229563618	1.506705921153445	140.981853439125331	0.025958987572863	1.1258034646
4.704588712431940	3.338755e+04	4.817659e-02	4.017001860574873	1.489418812111006	139.941106290742283	0.056242664901309	1.1191341477
4.753805526542222	3.180101e+04	4.921681e-02	4.045297718920090	1.472005942412947	138.952787459736896	0.025153294045545	1.1114574886
4.804058422174355	2.864439e+04	5.025290e-02	4.074191803319238	1.454474527157267	137.997871342087905	-0.012618847399876	1.1030867424
4.856819815724264	2.716483e+04	5.276139e-02	4.104540059874263	1.436326568659763	137.052332096089486	-0.054084610322152	1.0937359718
4.910798342666446	2.645257e+04	5.397853e-02	4.135591289536168	1.418033915803503	136.015095868498520	-0.012493632270787	1.0856548880
4.965293016104136	2.452288e+04	5.449467e-02	4.166937372992247	1.399844083286300	134.972252416274102	0.008779364790381	1.0778018906
5.021677880261174	2.264738e+04	5.638486e-02	4.199372840042149	1.381307966905751	133.947371207695937	-0.008605704211489	1.0691955858
5.080123986379164	2.286712e+04	5.844611e-02	4.233013296305858	1.362383318929563	132.993298265654971	-0.073280708139890	1.0589377735
5.138057018219357	2.402512e+04	5.793303e-02	4.266354779642017	1.343921337184031	131.893853202561502	0.013975505833236	1.0516200002
5.194355355580331	2.485307e+04	5.629834e-02	4.298738488211294	1.326263862624731	130.804994563032551	0.068638865104677	1.0452185774
5.249499102161248	2.680787e+04	5.514375e-02	4.330449606695685	1.309229042762242	129.828968420367715	0.036025077002028	1.0378549758
5.302399525371323	2.699292e+04	5.290042e-02	4.360843765342254	1.293134204778181	128.771199163753892	0.124490328893563	1.0330700926
5.354934271068537	2.659241e+04	5.253475e-02	4.391030759191687	1.277369608278678	127.960044369947738	-0.014100729306528	1.0247800207
5.407680897571440	2.824489e+04	5.274663e-02	4.421339449149539	1.261758029441403	127.076374681020596	0.000254331550211	1.0178590470
5.458685563688572	2.933874e+04	5.100467e-02	4.450638114409605	1.246868818119251	126.181609220707628	0.046293242174437	1.0120917385
5.508565386049111	2.831407e+04	4.987982e-02	4.479290172110189	1.232496582218296	125.390557896395208	0.002494626071572	1.0053599732
5.559177098708302	2.800580e+04	5.061171e-02	4.508369677386832	1.218096721339910	124.628090596785682	-0.037764434324492	0.9981329871
5.609902216439661	3.063860e+04	5.072512e-02	4.537524730718469	1.203844737704957	123.878464519532940	-0.055505434732003	0.9909008691
5.658242904854541	3.282914e+04	4.834069e-02	4.565296524018899	1.190438221786490	123.018721333561913	0.073813526007551	0.9865735358
5.704800719122278	3.027420e+04	4.655781e-02	4.592047513271705	1.177677816071916	122.353112916083461	-0.021780459668328	0.9800081478
5.753141904228952	3.602354e+04	4.834119e-02	4.619847791651616	1.164573477522504	121.771747734278790	-0.149724202656524	0.9716341519
5.797324352561344	3.627154e+04	4.418245e-02	4.645236623224028	1.152742865671178	120.912092922337678	0.136518816734538	0.9694286498
5.841235007575270	3.294186e+04	4.391066e-02	4.670478935435827	1.141108040147246	120.372488716673118	-0.070583475957721	0.9623656635
5.887186757733012	3.196061e+04	4.595175e-02	4.696920877197951	1.129054387214995	119.852030613608406	-0.180461693868364	0.9544393272
5.933707076700297	3.147023e+04	4.652032e-02	4.723707699336030	1.116981116635479	119.230261094241513	-0.117226569860560	0.9481058238
5.980455325061643	3.297728e+04	4.674825e-02	4.750645573448975	1.104977070040607	118.645687922710067	-0.129900279742802	0.9412761230
6.025993230316963	3.447677e+04	4.553791e-02	4.776886236227211	1.093413890446344	117.951995597485734	-0.001561401663771	0.9367712862
6.070407351272403	3.230353e+04	4.441412e-02	4.802478285264089	1.082258243766343	117.315767392098223	0.007579680681065	0.9319011565
6.116168734119356	3.542715e+04	4.576138e-02	4.828871653416801	1.070877156762745	116.843716271408510	-0.175772739277309	0.9241258986
6.159746593251080	3.457267e+04	4.357786e-02	4.853998228611552	1.060157323720413	116.131969240430294	0.055686145872197	0.9210356287
6.203745365865360	3.225099e+04	4.399877e-02	4.879381532141311	1.049440064099991	115.640509307327491	-0.106728546920109	0.9144596052
6.249181657016662	3.073240e+04	4.543629e-02	4.905615361421278	1.038480244220116	115.130457239561110	-0.153474178033942	0.9078579761
6.295602373586472	2.943005e+04	4.642072e-02	4.932443302168705	1.027392792453019	114.622637501761318	-0.178031896364501	0.9010559347
6.342909902375569	2.790507e+04	4.730753e-02	4.959807993626648	1.016207081574528	114.086983071360621	-0.161893235879629	0.8945653405
6.391358682841656	2.666094e+04	4.844878e-02	4.987860481726870	1.004867625434835	113.563124053389942	-0.177152774277653	0.8876899400
6.440785418768272	2.709246e+04	4.942674e-02	5.016507714997892	0.993418642635179	113.027455513199655	-0.175752290034616	0.8808592041
6.489676750102556	2.532162e+04	4.889133e-02	5.044862394044490	0.982214621315558	112.441176404635243	-0.110769737829375	0.8751452021
6.540106452700427	2.530097e+04	5.042970e-02	5.074138851805940	0.970777759942634	111.928120079545735	-0.177738269981393	0.8679873398
6.590410980206390	2.589258e+04	5.030453e-02	5.103357490053512	0.959494317121637	111.315000370260293	-0.088611736954674	0.8625881596
6.639994932088085	2.417457e+04	4.958395e-02	5.132169793349054	0.948493600690945	110.732136973772626	-0.074851960080310	0.8570939720
6.691166289115072	2.274093e+04	5.117136e-02	5.161943969221657	0.937254658249971	110.290559359936708	-0.233082265736790	0.8491067917
6.743773596422939	2.271323e+04	5.260731e-02	5.192593046796437	0.925820088321669	109.778293611566170	-0.220467465736875	0.8419630598
6.796257384348463	2.636400e+04	5.248379e-02	5.223184726858396	0.914540749167554	109.142174273762976	-0.081156365325077	0.8369268329
6.844829101666800	2.711716e+04	4.857172e-02	5.251488715260995	0.904221934427790	108.485957597598215	0.046826434488839	0.8334594755
6.892592308854734	2.511274e+04	4.776321e-02	5.279333914001684	0.894178349560030	107.999010949262896	-0.083347651427585	0.8277551667
6.942094021291755	2.514868e+04	4.950171e-02	5.308225709333454	0.883868649823424	107.573293102753453	-0.213842031432705	0.8207705801
6.991425542107903	2.269501e+04	4.933152e-02	5.337041428387165	0.873697278572927	107.059664547773252	-0.149103294824438	0.8153148889
7.043214999213787	2.108174e+04	5.178946e-02	5.367332544848561	0.863122867167559	106.623542034100495	-0.237305693069427	0.8081595866
7.096797671896766	2.100725e+04	5.358267e-02	5.398717644945410	0.852291721416951	106.162881184761531	-0.251303757756471	0.8010536728
7.150319002217947	2.170747e+04	5.352133e-02	5.430098187097708	0.841587325945725	105.630503435972585	-0.172722897497544	0.7952013428
7.202817679588118	2.219410e+04	5.249868e-02	5.460899949925634	0.831200002141804	105.088432113224599	-0.118607822832849	0.7899077361
7.254590983345301	2.397011e+04	5.177330e-02	5.491292432579205	0.821064917371938	104.555766717392274	-0.096219798096110	0.7848002867
7.304271316554546	2.465657e+04	4.968033e-02	5.520466448414463	0.811441133361495	104.029531941442258	-0.064578747357883	0.7802580152
7.353125593485782	2.314070e+04	4.885428e-02	5.549172795143543	0.802070393041586	103.567695418425515	-0.116251421308143	0.7750781276
7.403424026312518	2.072208e+04	5.029843e-02	5.578760973811147	0.792512718674245	103.162099271782495	-0.214777695699069	0.7688210172
7.456435668945214	2.069634e+04	5.301164e-02	5.609990965692555	0.782534064877143	102.757005952029260	-0.269722709935955	0.7620254618
7.509332411709230	2.212688e+04	5.289674e-02	5.641177226636898	0.772679637289414	102.229872572606709	-0.138706229918752	0.7572058854
7.560349049848086	2.214770e+04	5.101664e-02	5.671265483637408	0.763274886152261	101.701139236375965	-0.064237876580009	0.7529866598
7.611206253783203	2.210796e+04	5.085720e-02	5.701282204984842	0.753991407626977	101.262176500361917	-0.142008841978293	0.7475955728
7.661974970658960	2.355837e+04	5.076872e-02	5.731277787612249	0.744811605819263	100.851191527815146	-0.197650540700321	0.7419291054
7.711027161813138	2.291970e+04	4.905219e-02	5.760275865126649	0.736027967087672	100.377582112518994	-0.112142354562270	0.7376927975
7.760632762370080	2.044042e+04	4.960560e-02	5.789632159147153	0.727225448027955	99.999329923055996	-0.209603600977033	0.7320348485
7.813027353162869	2.154648e+04	5.239459e-02	5.820692147292076	0.718008743110085	99.670954888509826	-0.329098577371990	0.7251330884
7.863923075735612	2.303783e+04	5.089572e-02	5.850879689975195	0.709144697870620	99.148462522665966	-0.101798051415709	0.7215117031
7.913016741309395	2.439045e+04	4.909367e-02	5.880011376496507	0.700676981675894	98.696930907610891	-0.088338688660239	0.7173598348
7.960611354179468	2.586831e+04	4.759461e-02	5.908269021525614	0.692543105868567	98.283720714561099	-0.112713236139245	0.7130744702
8.006715783451076	2.476331e+04	4.610443e-02	5.935653994890169	0.684734320532954	97.868261333834951	-0.093995646828910	0.7092337195
8.053728804796794	2.519696e+04	4.701302e-02	5.963611647650477	0.676836217854623	97.561501527366204	-0.253907830757523	0.7037101861
8.100226143130259	2.524279e+04	4.649734e-02	5.991280298804779	0.669092331065688	97.145945408917811	-0.137391724017755	0.6999557389
8.146573854135264	2.414511e+04	4.634771e-02	6.018883892489789	0.661437598501899	96.795739461796160	-0.188951109619770	0.6953740362
8.193854591919528	2.318362e+04	4.728074e-02	6.047072057141612	0.653692879050443	96.451423946819986	-0.221769719770123	0.6905992992
8.241993209868397	2.280131e+04	4.813862e-02	6.075810412366883	0.645870973795645	96.140384987779328	-0.287120349827817	0.6852586030
8.290418787120206	2.162382e+04	4.842558e-02	6.104746859787988	0.638069559586504	95.752657604499248	-0.195646203680881	0.6810424742
8.340027365457701	2.139252e+04	4.960858e-02	6.134430142719566	0.630143267972193	95.438389992122367	-0.281041752113060	0.6756316213
8.389782593803684	2.298874e+04	4.975523e-02	6.164229665883572	0.622262722517594	95.048711881135773	-0.197884306428427	0.6713514742
8.437663217278445	2.283952e+04	4.788062e-02	6.192923749057186	0.614746185357507	94.648080568008382	-0.127571830726196	0.6676794836
8.485588582476346	2.378186e+04	4.792537e-02	6.221677997921125	0.607283437577667	94.346884214859514	-0.250803387163448	0.6626758377
8.532446195056814	2.315012e+04	4.685761e-02	6.249808261145839	0.600049086652556	93.950812490640260	-0.129900488270118	0.6592918240
8.579831843639145	2.545969e+04	4.738565e-02	6.278280335956564	0.592792845316040	93.619953515408142	-0.193076621572870	0.6549677226
8.624914540464452	2.681083e+04	4.508270e-02	6.305377460517082	0.585947877445538	93.221814561370792	-0.073648619180946	0.6520944102
8.668752077603049	2.913898e+04	4.383754e-02	6.331740864796503	0.579344482589054	92.896222717581466	-0.131858764015755	0.6485050221
8.710714261555776	2.866427e+04	4.196218e-02	6.356981443527133	0.573073649630093	92.529210359527141	-0.048702013489791	0.6459044978
8.752938411095666	2.806694e+04	4.222415e-02	6.382406732187481	0.566807071315030	92.299531277917367	-0.268458153794327	0.6413962692
8.795524430949667	2.666234e+04	4.258602e-02	6.408069933030625	0.560532282654196	91.988412427831307	-0.195389591883932	0.6380149810
8.839130212622086	2.384918e+04	4.360578e-02	6.434373482252679	0.554152867809438	91.712008843171404	-0.242715217354584	0.6340268380
8.885141768753009	2.275879e+04	4.601156e-02	6.462170771679537	0.547467616273002	91.483934393962443	-0.364809983085515	0.6290047025
8.932141238974639	2.179501e+04	4.699947e-02	6.490601334470647	0.540689295904132	91.187499590923665	-0.295319505520632	0.6248178571
8.980063329837686	2.280789e+04	4.792209e-02	6.519622179558589	0.533831213617512	90.874385272934347	-0.251229744622278	0.6207669604
9.026804873356395	2.351085e+04	4.674154e-02	6.547943739435976	0.527196994649404	90.505323653894436	-0.125975937181326	0.6177543076
9.072742675458661	2.359645e+04	4.593780e-02	6.575802316309133	0.520726980371393	90.213617345360333	-0.201570170842540	0.6138869632
9.118499838688127	2.326956e+04	4.575716e-02	6.603575078835469	0.514331234311261	89.910952699454882	-0.202608639554164	0.6102619510
9.164480279844076	2.174332e+04	4.598044e-02	6.631510699003025	0.507952026904426	89.625634853125902	-0.232634900670062	0.6064247781
9.211946826278208	2.175467e+04	4.746655e-02	6.660386843727530	0.501414292387172	89.368839010288980	-0.304991210872132	0.6020163091
9.259298009865446	2.320124e+04	4.735118e-02	6.689217091277918	0.494943259210262	89.037193064294058	-0.195027495271932	0.5987011042
9.305050378416540	2.342792e+04	4.575237e-02	6.717095191181208	0.488738765103236	88.731484411824241	-0.180854852201158	0.5953588982
9.350486279281624	2.308735e+04	4.543590e-02	6.744799644463443	0.482623728965564	88.425554556449455	-0.167891732768257	0.5921286942
9.396161980304754	2.341605e+04	4.567570e-02	6.772678926227578	0.476520607122603	88.166951385762616	-0.249702019529655	0.5882822453
9.441422520702226	2.190197e+04	4.526054e-02	6.800320367011882	0.470518955034773	87.837471936786017	-0.137802095628034	0.5855056322
9.488126141071904	2.181310e+04	4.670362e-02	6.828874887200244	0.464370070499253	87.592519223274223	-0.269902276679937	0.5814298837
9.534826858906481	2.210221e+04	4.670072e-02	6.857454473481702	0.458267063772827	87.301138521939862	-0.225124941788188	0.5780298119
9.581124358045718	2.272856e+04	4.629750e-02	6.885807759815881	0.452262443101866	86.994848629227818	-0.174355252058449	0.5749460530
9.626685374575002	2.128296e+04	4.556102e-02	6.913726841592223	0.446397902190913	86.690579402138255	-0.147978814005689	0.5720031103
9.673673131447794	2.079499e+04	4.698776e-02	6.942559751388567	0.440390916045040	86.483450966465213	-0.334857411347871	0.5676151141
9.721110178706720	2.021495e+04	4.743705e-02	6.971697338938637	0.434370930612198	86.190808316203984	-0.238879914887763	0.5643406965
9.769122331642913	1.949632e+04	4.801215e-02	7.001218279846849	0.428322843295031	85.916123661542926	-0.243038404230963	0.5608008314
9.817908159142323	2.077450e+04	4.878583e-02	7.031247803381643	0.422222666535881	85.646282876759116	-0.258118860745815	0.5571403357
9.865068325076759	2.042071e+04	4.716017e-02	7.060285107670559	0.416373396753571	85.283954599134077	-0.069430663812236	0.5549801808
9.912537340003780	2.087168e+04	4.746901e-02	7.089537446480382	0.410529258853767	85.028445541495600	-0.206554707989233	0.5514379747
9.959393767774779	2.075639e+04	4.685643e-02	7.118432154056902	0.404803724131984	84.734385694560601	-0.168196569404091	0.5485376364
10.006284679866237	2.053879e+04	4.689091e-02	7.147367118831963	0.399116602483156	84.445657765796071	-0.162085424722171	0.5456145415
10.053327822218741	2.161750e+04	4.704314e-02	7.176423964619758	0.393451675834741	84.197608495394078	-0.237678387533608	0.5421944603
10.099089299126186	2.051467e+04	4.576148e-02	7.204696184728152	0.387983579543170	83.857884350343198	-0.062320791639291	0.5401868823
10.145972435886508	2.098252e+04	4.688314e-02	7.233695848106493	0.382419196214563	83.661130628839430	-0.299659424061628	0.5362294477
10.192236935241480	2.053043e+04	4.626450e-02	7.262329672374203	0.376968610780622	83.354451833021557	-0.147912641191236	0.5338181956
10.238915747874373	1.918578e+04	4.667881e-02	7.291250458465587	0.371506857015094	83.131400358154124	-0.267101951169128	0.5303256207
10.287106757094145	1.825847e+04	4.819101e-02	7.321145483214242	0.365906472276473	82.904060737611573	-0.310258652906971	0.5267325221
10.336405409819104	1.810461e+04	4.929865e-02	7.351761379186499	0.360218250324460	82.643581964772395	-0.267425644776966	0.5234634703
10.385809909658295	1.951918e+04	4.940450e-02	7.382475113023113	0.354559256469341	82.383047717462276	-0.251248467135712	0.5202321265
10.433291472236675	1.833510e+04	4.748156e-02	7.412000327728935	0.349163458963855	82.040663772981432	-0.057742775636560	0.5183394114
10.482184554030992	1.804223e+04	4.889308e-02	7.442439353741676	0.343645480291689	81.841916718668728	-0.293816610050533	0.5144952325
10.531371967740260	1.804257e+04	4.918741e-02	7.473084913534263	0.338135470920359	81.550334900824026	-0.185768391316420	0.5118321984
10.580457974757707	1.862100e+04	4.908601e-02	7.503686403530259	0.332678294670643	81.262880991738328	-0.152875342570790	0.5091788955
10.628676949642369	1.913837e+04	4.821897e-02	7.533770660426104	0.327356572257856	81.006921152862191	-0.192051442789553	0.5062877425
10.676144641518226	1.950580e+04	4.746769e-02	7.563404363421283	0.322155939243810	80.732649895172500	-0.155243538731841	0.5037655643
10.723070939939094	2.020533e+04	4.692630e-02	7.592718741023176	0.317051288357407	80.473163017123397	-0.163842599393546	0.5011696591
10.769088662893518	2.162808e+04	4.601772e-02	7.621483011743464	0.312080599614488	80.216907815807829	-0.159265055531331	0.4986875894
10.813483051537943	2.077816e+04	4.439439e-02	7.649244664019856	0.307318622848804	79.953600107113203	-0.117672483878230	0.4965318914
10.858694036276452	2.100248e+04	4.521098e-02	7.677537728259512	0.302500925940352	79.729932426437315	-0.200779544632954	0.4938217133
10.903579993138894	2.012276e+04	4.488596e-02	7.705647331912846	0.297749503612126	79.494147046749831	-0.193639300459963	0.4913389104
10.949352895039393	2.071652e+04	4.577290e-02	7.734336702113652	0.292935695089041	79.272384422943489	-0.230585216405118	0.4886138639
10.994381327657944	2.025081e+04	4.502843e-02	7.762583726124760	0.288230871680685	79.051688559901834	-0.233978833410831	0.4860015535
11.039841645700763	1.995039e+04	4.546032e-02	7.791125256553811	0.283511645713577	78.826343616565822	-0.226392358709880	0.4834321487
11.085558991565117	2.025479e+04	4.571735e-02	7.819847012013211	0.278797396501177	78.581663067244151	-0.179110916472528	0.4811069719
11.130848105610934	1.851464e+04	4.528911e-02	7.848318463581502	0.274158285803887	78.347999073711648	-0.180380628695946	0.4787327969
11.178131737118349	1.868760e+04	4.728363e-02	7.878074177695604	0.269345753091789	78.147044160145285	-0.275933897436974	0.4757661539
11.225107086326732	1.995758e+04	4.697535e-02	7.907658250587795	0.264596886095410	77.902285580324317	-0.201226793032598	0.4734071106
11.270478148232808	2.188557e+04	4.537106e-02	7.936242000886390	0.260042221354025	77.633069462306892	-0.095637389501713	0.4715639853
11.313726585329123	2.321472e+04	4.324844e-02	7.963497094392884	0.255729722943080	77.390357197628305	-0.089916720217308	0.4696709203
11.355646771133618	2.248465e+04	4.192019e-02	7.989924399285488	0.251576297880148	77.162907747546427	-0.104396971399536	0.4677714073
11.398171582268059	2.014019e+04	4.252481e-02	8.016755366974550	0.247387445698484	76.988385340110057	-0.252084974196984	0.4651923191
11.443028118949240	2.040531e+04	4.485654e-02	8.045093832000278	0.242993582029318	76.833659389391300	-0.372849156134178	0.4621494862
11.487513739210403	2.103243e+04	4.448562e-02	8.073212924560989	0.238664221226865	76.576732380262470	-0.152001351802306	0.4604112959
11.531254760450159	1.869909e+04	4.374102e-02	8.100881303093068	0.234433591340465	76.377293364070482	-0.209099924542826	0.4580928546
11.577565364179025	1.718740e+04	4.631060e-02	8.130212059465999	0.229980217841552	76.220025404082932	-0.359070857638865	0.4550247851
11.625782434032494	1.810138e+04	4.821707e-02	8.160784800155088	0.225372344067933	76.014827552892072	-0.307177408252560	0.4523623438
11.672678350527521	1.769971e+04	4.689592e-02	8.190540151133867	0.220920698205190	75.772252205166069	-0.185122991176310	0.4503195780
11.720017178566472	1.797501e+04	4.733883e-02	8.220596809620806	0.216456691842216	75.546371776362605	-0.185292005410615	0.4480655811
11.766906134470439	1.926639e+04	4.688896e-02	8.250385840732926	0.212064525592132	75.316262224764785	-0.166529823185724	0.4459421834
11.812114571260199	1.946682e+04	4.520844e-02	8.279113574208338	0.207858777436353	75.057095515301000	-0.062558471927616	0.4443690691
11.857011571470274	1.925538e+04	4.489700e-02	8.307659390281284	0.203708473134864	74.853859206330966	-0.162317627591439	0.4421955957
11.902076779186087	2.012179e+04	4.506521e-02	8.336331818039470	0.199568373509368	74.652413437746588	-0.199634511129076	0.4400136689
11.946085225950403	1.991219e+04	4.400845e-02	8.364345096314453	0.195550863199829	74.429256681778583	-0.139038622209879	0.4382234972
11.990250540491484	1.978169e+04	4.416531e-02	8.392478971937690	0.191543051038608	74.244607933624366	-0.220180907051044	0.4359917085
12.034486960713233	1.983237e+04	4.423642e-02	8.420672970903338	0.187553540501317	74.027104491934836	-0.157122990430012	0.4341671121
12.078592795405964	1.850144e+04	4.410583e-02	8.448803501703251	0.183599547318627	73.838953478096016	-0.210516107300340	0.4320382093
12.124181420052821	1.842382e+04	4.558862e-02	8.477912407992424	0.179535659105495	73.684243429240439	-0.331779589312517	0.4294007699
12.169787477275003	1.820091e+04	4.560606e-02	8.507050655498393	0.175495527763980	73.458858064301467	-0.182381523864184	0.4276155105
12.215593302137330	1.879593e+04	4.580582e-02	8.536338743284807	0.171462415062499	73.267305041015035	-0.221302079710056	0.4254450696
12.260590878518267	1.870083e+04	4.499758e-02	8.565124763886054	0.167525316404490	73.049199709120998	-0.150763752928839	0.4236886661
12.305626851442860	1.743260e+04	4.503597e-02	8.593951984495259	0.163609014576932	72.848771652557289	-0.172025287621351	0.4217505101
12.352193959325872	1.623106e+04	4.656711e-02	8.623793043982532	0.159582558277851	72.699763130870025	-0.332122086827172	0.4191002145
12.400370338294694	1.732981e+04	4.817638e-02	8.654697403185969	0.155441898675602	72.511891572808324	-0.295043752014058	0.4167779350
12.446911150110253	1.817607e+04	4.654081e-02	8.684564565138356	0.151468208336210	72.267695767644298	-0.114690500995404	0.4152850450
12.492277386421192	1.774245e+04	4.536624e-02	8.713688841823137	0.147619588159144	72.052170077723233	-0.110384502787835	0.4135981409
12.538117844890504	1.631815e+04	4.584046e-02	8.743133867020839	0.143754648172558	71.856042244961486	-0.165204149307972	0.4116715758
12.585836457166248	1.622617e+04	4.771861e-02	8.773813180464648	0.139755291606336	71.683182493248808	-0.264866111003996	0.4093352511
12.633606382780677	1.583302e+04	4.776993e-02	8.804548276175131	0.135776610716047	71.479348838388020	-0.212387145532036	0.4073769380
12.681881279287081	1.441228e+04	4.827490e-02	8.835631164049579	0.131781059477449	71.280340415614063	-0.210322284957640	0.4053466486
12.732390608887789	1.493711e+04	5.050933e-02	8.868195229060339	0.127625152774133	71.132482803980579	-0.362865321767733	0.4025660819
12.781913487248811	1.568180e+04	4.952288e-02	8.900143379481799	0.123577404725163	70.896439434897303	-0.173122461694633	0.4009027113
12.830159381824213	1.665747e+04	4.824589e-02	8.931280158212408	0.119660320005178	70.669458154959628	-0.113012166483362	0.3992769055
12.876889338227208	1.521901e+04	4.672996e-02	8.961447734808010	0.115891125622264	70.449554272718544	-0.088625595902593	0.3977295178
12.925695489103891	1.413304e+04	4.880615e-02	8.992985245847628	0.111977805658843	70.291650774841472	-0.273190689055767	0.3953299556
12.976253155231182	1.468824e+04	5.055767e-02	9.025683531822681	0.107949327576364	70.097134712477185	-0.248750136583392	0.3932221870
13.025756203701185	1.643279e+04	4.950305e-02	9.057713304029363	0.104031411057298	69.861978897458343	-0.118432393672831	0.3916889995
13.072475017951980	1.797094e+04	4.671881e-02	9.087943907717618	0.100358904230015	69.622885716566032	-0.022248195903604	0.3904612124
13.117075396065323	1.705765e+04	4.460038e-02	9.116812149539069	0.096874635121837	69.430017470793217	-0.090017729324701	0.3889155284
13.162781655814596	1.532177e+04	4.570626e-02	9.146424205628852	0.093323442602394	69.294063531593807	-0.295526011407823	0.3866631392
13.210929472782793	1.502006e+04	4.814782e-02	9.177653231171567	0.089603164133001	69.142867741042480	-0.338893269030537	0.3844051015
13.259475669137355	1.617314e+04	4.854620e-02	9.209161356116882	0.085875207665661	68.934578316973884	-0.192754405136410	0.3827756987
13.306179180947378	1.494126e+04	4.670351e-02	9.239484291502247	0.082311488877925	68.722066721521941	-0.106142869194954	0.3813671083
13.354690077690462	1.513979e+04	4.851090e-02	9.271007665476532	0.078631402413580	68.564968249709750	-0.256148521056072	0.3792219550
13.402799868039535	1.459335e+04	4.810979e-02	9.302289433712886	0.075004177332787	68.366944383200519	-0.180150915780004	0.3775869428
13.451719629151178	1.550159e+04	4.891976e-02	9.334119881733230	0.071338286491251	68.184098109576283	-0.204448493623372	0.3757444097
13.499103661552873	1.698912e+04	4.738403e-02	9.364962656929920	0.067809917277157	67.973892714811441	-0.112086653245026	0.3743487769
13.544291161732781	1.758390e+04	4.518750e-02	9.394383839259541	0.064465767111789	67.776451738095844	-0.086366836283008	0.3730064073
13.588638242168114	1.755754e+04	4.434708e-02	9.423266715013805	0.061203115907491	67.590653814435314	-0.099372635513510	0.3716217348
13.632950542163002	1.799281e+04	4.431230e-02	9.452147202773578	0.057960671313462	67.444821474702763	-0.229390882480821	0.3698198375
13.676656647378119	1.727867e+04	4.370611e-02	9.480648063266310	0.054780214735106	67.273090026879899	-0.179093851288253	0.3683681080
13.721189714379939	1.670205e+04	4.453307e-02	9.509711146911776	0.051556650408613	67.129197218604645	-0.260703945684650	0.3665675085
13.766415722939531	1.590730e+04	4.522601e-02	9.539247572897590	0.048300709629497	66.966646813200626	-0.232509333840467	0.3649382495
13.812685940269285	1.474395e+04	4.627022e-02	9.569490110917245	0.044987756306014	66.811290025602261	-0.255409355079547	0.3631723222
13.860670932460524	1.448800e+04	4.798499e-02	9.600884949957011	0.041570652301669	66.666861818957713	-0.312218980307286	0.3611811121
13.908998727438338	1.411933e+04	4.832779e-02	9.632533445372413	0.038148484685939	66.506538558423671	-0.283217841399611	0.3593590490
13.957872905421112	1.387106e+04	4.887418e-02	9.664568943581527	0.034707296142912	66.346046168749425	-0.276198885515973	0.3575207832
14.007100741108927	1.317315e+04	4.922784e-02	9.696856291371599	0.031262060560611	66.156493412401190	-0.186944549483589	0.3559926394
14.057531614531753	1.364230e+04	5.043087e-02	9.729960913135955	0.027753357826903	65.995601903947602	-0.253448878769830	0.3540915611
14.107003392860273	1.305883e+04	4.947178e-02	9.762446911986300	0.024333355167548	65.780800592323345	-0.100390478933596	0.3528616711
14.157484078629754	1.297174e+04	5.048069e-02	9.795627172789299	0.020863679640484	65.641538405158315	-0.285125051020585	0.3507717491
14.208048090000458	1.315124e+04	5.056401e-02	9.828880137324646	0.017409904311025	65.440798050202162	-0.159465708859994	0.3493570898
14.258180820522556	1.296776e+04	5.013273e-02	9.861871526063837	0.014006314478049	65.269603628090081	-0.198818158523473	0.3476793360
14.308582449746442	1.362258e+04	5.040163e-02	9.895067919041058	0.010604483144277	65.111550423083060	-0.252300475834388	0.3458648599
14.357675240974709	1.382919e+04	4.909279e-02	9.927410892113757	0.007311987856160	64.897798838024499	-0.080798329051331	0.3447552793
14.406320488938020	1.487395e+04	4.864525e-02	9.959479152912442	0.004068570902697	64.741183440385072	-0.193987903199702	0.3430897184
14.453150614599737	1.539672e+04	4.683013e-02	9.990359809893603	0.000964949240051	64.548856702415662	-0.092198752364804	0.3419466499
14.499107656999181	1.513669e+04	4.595704e-02	10.020672752117413	-0.002063010401477	64.369861298230148	-0.086535614577413	0.3407399589
