0.572317590245468	2.242101e+04	2.500000e-02	1.030248218299796	8.706398732242272	1139.913624087439985	0.496339177702460	0.9975594518
0.634817590245468	1.819799e+04	6.250000e-02	1.104020018075352	8.057806775490437	1027.877801301529644	0.495497646785067	0.9969984312
0.697317590245468	1.446448e+04	6.250000e-02	1.175424416740749	7.507565316473764	935.943486811407297	0.494569706742728	0.9963798045
0.759817590245468	1.173655e+04	6.250000e-02	1.244743827098521	7.033781555928540	859.150230279858874	0.493555572904462	0.9957037153
0.822317590245468	9.688536e+03	6.250000e-02	1.312207173638815	6.620747852086119	794.045651943525399	0.492455480372780	0.9949703202
0.884817590245467	8.115505e+03	6.250000e-02	1.378003322783638	6.256876550776006	738.152821662703218	0.491269683907524	0.9941797893
0.947317590245467	6.883593e+03	6.250000e-02	1.442290432840803	5.933416302501243	689.648478594669427	0.489998457800482	0.9933323052
1.009817590245467	5.902557e+03	6.250000e-02	1.505202650346798	5.643623699238109	647.160745418756619	0.488642095740776	0.9924280638
1.072317590245467	5.109814e+03	6.250000e-02	1.566855023249485	5.382211405405653	609.637583919419171	0.487200910671052	0.9914672738
1.134817590245467	4.460944e+03	6.250000e-02	1.627347181805292	5.144970238561225	576.258719383442440	0.485675234634573	0.9904501564
1.197317590245467	3.923761e+03	6.250000e-02	1.686766146954425	4.928504089352105	546.375150293751858	0.484065418613327	0.9893769457
1.259817590245466	3.474499e+03	6.250000e-02	1.745188507637170	4.730040025039535	519.466663701511720	0.482371832357260	0.9882478882
1.322317590245466	3.095329e+03	6.250000e-02	1.802682133048462	4.547289683894131	495.111398943258507	0.480594864204785	0.9870632428
1.384817590245466	2.772675e+03	6.250000e-02	1.859307536395960	4.378346402760125	472.963653315678641	0.478734920894707	0.9858232806
1.447317590245466	2.496050e+03	6.250000e-02	1.915118973578878	4.221607711040794	452.737438301027964	0.476792427369713	0.9845282849
1.509817590245466	2.257275e+03	6.250000e-02	1.970165337505403	4.075716138962157	434.194120005261482	0.474767826571596	0.9831785510
1.572317590245466	2.049879e+03	6.250000e-02	2.024490892926543	3.939513452463252	417.133007369694838	0.472661579228373	0.9817743862
1.634817590245465	1.868702e+03	6.250000e-02	2.078135885420852	3.812004869438486	401.384099290771417	0.470474163633468	0.9803161091
1.697317590245465	1.709597e+03	6.250000e-02	2.131137050059313	3.692330791077788	386.802434168465709	0.468206075417156	0.9788040503
1.759817590245465	1.569187e+03	6.250000e-02	2.183528039353604	3.579744257811467	373.263643511017108	0.465857827310430	0.9772385515
1.822317590245465	1.444717e+03	6.250000e-02	2.235339785701797	3.473592813031978	360.660420527452004	0.463429948901497	0.9756199659
1.884817590245465	1.333912e+03	6.250000e-02	2.286600810255543	3.373303794501163	348.899691322790716	0.460922986385102	0.9739486576
1.947317590245465	1.234878e+03	6.250000e-02	2.337337487639648	3.278372315885997	337.900330843567190	0.458337502304862	0.9722250015
2.009817590245464	1.146047e+03	6.250000e-02	2.387574274046106	3.188351377673997	327.591304991620973	0.455674075288836	0.9704493835
2.072317590245464	1.066091e+03	6.250000e-02	2.437333904749477	3.102843677066009	317.910148935092536	0.452933299778535	0.9686221999
2.134817590245464	9.938854e+02	6.250000e-02	2.486637565940267	3.021494783546681	308.801712717861619	0.450115785751575	0.9667438572
2.197317590245464	9.284882e+02	6.250000e-02	2.535505044868708	2.943987419878241	300.217120946596538	0.447222158438204	0.9648147723
2.259817590245464	8.690853e+02	6.250000e-02	2.583954861575055	2.870036643714619	292.112905110050349	0.444253058031930	0.9628353720
2.322317590245464	8.149806e+02	6.250000e-02	2.632004384910889	2.799385767489353	284.450276008520916	0.441209139394450	0.9608060929
2.384817590245464	7.655721e+02	6.250000e-02	2.679669935096744	2.731802886999578	277.194510589955883	0.438091071755137	0.9587273812
2.447317590245463	7.203496e+02	6.250000e-02	2.726966874690115	2.667077914591967	270.314432740553286	0.434899538405299	0.9565996923
2.509817590245463	6.788596e+02	6.250000e-02	2.773909689535937	2.605020032816193	263.781971652135951	0.431635236387451	0.9544234909
2.572317590245463	6.407136e+02	6.250000e-02	2.820512061024583	2.545455500150348	257.571784572033494	0.428298876179829	0.9521992508
2.634817590245463	6.055643e+02	6.250000e-02	2.866786930779288	2.488225752892514	251.660933245039416	0.424891181376399	0.9499274543
2.697317590245463	5.731188e+02	6.250000e-02	2.912746558726974	2.433185757284195	246.028605338682468	0.421412888362578	0.9476085922
2.759817590245462	5.431105e+02	6.250000e-02	2.958402575366926	2.380202573937970	240.655873720836723	0.417864745986934	0.9452431640
2.822317590245462	5.153060e+02	6.250000e-02	3.003766028935380	2.329154103105788	235.525487722008847	0.414247515229091	0.9428316768
2.884817590245462	4.894997e+02	6.250000e-02	3.048847428066540	2.279927984570094	230.621691531633786	0.410561968864089	0.9403746459
2.947317590245461	4.655089e+02	6.250000e-02	3.093656780468370	2.232420630218078	225.930065700605098	0.406808891123437	0.9378725941
3.009817590245461	4.431660e+02	6.250000e-02	3.138203628062198	2.186536370864779	221.437388391371258	0.402989077353123	0.9353260516
3.072317590245461	4.223353e+02	6.250000e-02	3.182497078976247	2.142186701775960	217.131513563532963	0.399103333668799	0.9327355558
3.134817590245461	4.028822e+02	6.250000e-02	3.226545836733159	2.099289613726637	213.001263731394772	0.395152476608410	0.9301016511
3.197317590245461	3.846904e+02	6.250000e-02	3.270358226928762	2.057768998410653	209.036335299541946	0.391137332782501	0.9274248885
3.259817590245461	3.676558e+02	6.250000e-02	3.313942221662642	2.017554118666224	205.227214788345179	0.387058738522446	0.9247058257
3.322317590245460	3.516845e+02	6.250000e-02	3.357305461949560	1.978579135362048	201.565104515351180	0.382917539526850	0.9219450264
3.384817590245460	3.366877e+02	6.250000e-02	3.400455278313549	1.940782683946806	198.041856510351295	0.378714590506357	0.9191430603
3.447317590245460	3.225964e+02	6.250000e-02	3.443398709742988	1.904107494640488	194.649913619190102	0.374450754827117	0.9163005032
3.509817590245460	3.093378e+02	6.250000e-02	3.486142521164559	1.868500051070621	191.382256900234523	0.370126904153141	0.9134179361
3.572317590245460	2.968490e+02	6.250000e-02	3.528693219576217	1.833910282855636	188.232358542844537	0.365743918087792	0.9104959454
3.634817590245460	2.850713e+02	6.250000e-02	3.571057068963857	1.800291288232339	185.194139643197246	0.361302683814640	0.9075351225
3.697317590245460	2.739557e+02	6.250000e-02	3.613240104112793	1.767599083331727	182.261932262697826	0.356804095737922	0.9045360638
3.759817590245460	2.634530e+02	6.250000e-02	3.655248143413320	1.735792375141422	179.430445270647141	0.352249055122839	0.9014993701
3.822317590245459	2.535156e+02	6.250000e-02	3.697086800749222	1.704832355565328	176.694733538022575	0.347638469735909	0.8984256465
3.884817590245459	2.441127e+02	6.250000e-02	3.738761496548893	1.674682514311388	174.050170104976075	0.342973253485619	0.8953155023
3.947317590245459	2.352039e+02	6.250000e-02	3.780277468070651	1.645308468614533	171.492420992458705	0.338254326063587	0.8921695507
4.009817590245459	2.267559e+02	6.250000e-02	3.821639778986692	1.616677808040689	169.017422369478197	0.333482612586461	0.8889884084
4.072317590245459	2.187379e+02	6.250000e-02	3.862853328323742	1.588759952824673	166.621359822917498	0.328659043238768	0.8857726955
4.134817590245459	2.111218e+02	6.250000e-02	3.903922858812899	1.561526024374567	164.300649507444575	0.323784552916929	0.8825230353
4.197317590245458	2.038817e+02	6.250000e-02	3.944852964696079	1.534948726731675	162.051920979545912	0.318860080874654	0.8792400539
4.259817590245458	1.969945e+02	6.250000e-02	3.985648099032094	1.509002237911691	159.872001542717044	0.313886570369912	0.8759243802
4.322317590245458	1.904334e+02	6.250000e-02	4.026312580541330	1.483662110172161	157.757901950853210	0.308864968313695	0.8725766455
4.384817590245458	1.841865e+02	6.250000e-02	4.066850600024505	1.458905178355887	155.706803334322871	0.303796224920753	0.8691974833
4.447317590245458	1.782302e+02	6.250000e-02	4.107266226387742	1.434709475551771	153.716045228445807	0.298681293362517	0.8657875289
4.509817590245458	1.725484e+02	6.250000e-02	4.147563412303356	1.411054155395417	151.783114597428721	0.293521129422383	0.8623474196
4.572317590245457	1.671241e+02	6.250000e-02	4.187745999533171	1.387919420402945	149.905635758510613	0.288316691153542	0.8588777941
4.634817590245457	1.619418e+02	6.250000e-02	4.227817723938889	1.365286455794362	148.081361121341047	0.283068938539552	0.8553792924
4.697317590245457	1.569884e+02	6.250000e-02	4.267782220201907	1.343137368318410	146.308162666664089	0.277778833157808	0.8518525554
4.759817590245457	1.522510e+02	6.250000e-02	4.307643026273135	1.321455129640059	144.584024096352522	0.272447337846097	0.8482982252
4.822317590245457	1.477170e+02	6.250000e-02	4.347403587571649	1.300223523895501	142.907033593885757	0.267075416372388	0.8447169442
4.884817590245456	1.433751e+02	6.250000e-02	4.387067260949452	1.279427099058379	141.275377140597925	0.261664033108037	0.8411093554
4.947317590245456	1.392147e+02	6.250000e-02	4.426637318438266	1.259051121795547	139.687332338548089	0.256214152704545	0.8374761018
5.009817590245456	1.352230e+02	6.250000e-02	4.466116950792956	1.239081535521480	138.141262695770052	0.250726739774027	0.8338178265
5.072317590245456	1.313977e+02	6.250000e-02	4.505509270845078	1.219504921388020	136.635612334020806	0.245202758573545	0.8301351724
5.134817590245456	1.277271e+02	6.250000e-02	4.544817316678975	1.200308461970762	135.168901083028487	0.239643172693426	0.8264287818
5.197317590245455	1.242025e+02	6.250000e-02	4.584044054641883	1.181479907435407	133.739719928706279	0.234048944749722	0.8226992965
5.259817590245455	1.208169e+02	6.250000e-02	4.623192382198657	1.163007543987232	132.346726785889444	0.228421036080923	0.8189473574
5.322317590245455	1.175630e+02	6.250000e-02	4.662265130640927	1.144880164424559	130.988642568919147	0.222760406449062	0.8151736043
5.384817590245455	1.144342e+02	6.250000e-02	4.701265067659741	1.127087040633072	129.664247535874239	0.217068013745316	0.8113786758
5.447317590245455	1.114244e+02	6.250000e-02	4.740194899790136	1.109617897872244	128.372377884473053	0.211344813700229	0.8075632091
5.509817590245454	1.085272e+02	6.250000e-02	4.779057274735421	1.092462890718049	127.111922579661211	0.205591759598659	0.8037278397
5.572317590245454	1.057367e+02	6.250000e-02	4.817854783578420	1.075612580537885	125.881820394695282	0.199809801999548	0.7998732013
5.634817590245454	1.030496e+02	6.250000e-02	4.856589962886420	1.059057914384169	124.681057149146170	0.193999888460620	0.7959999256
5.697317590245454	1.004604e+02	6.250000e-02	4.895265296716061	1.042790205202647	123.508663128699922	0.188162963268093	0.7921086422
5.759817590245454	9.796061e+01	6.250000e-02	4.933883218524018	1.026801113260139	122.363710672947960	0.182299967171487	0.7881999781
5.822317590245454	9.555280e+01	6.250000e-02	4.972446112988891	1.011082628704264	121.245311918542953	0.176411837123624	0.7842745581
5.884817590245453	9.322963e+01	6.250000e-02	5.010956317749358	0.995627055174858	120.152616686170120	0.170499506025876	0.7803330040
5.947317590245452	9.098746e+01	6.250000e-02	5.049416125063329	0.980426994393254	119.084810500754358	0.164563902478738	0.7763759350
6.009817590245452	8.882269e+01	6.250000e-02	5.087827783392492	0.965475331661509	118.041112735204166	0.158605950537806	0.7724039670
6.072317590245452	8.673136e+01	6.250000e-02	5.126193498916371	0.950765222209014	117.020774868791364	0.152626569475183	0.7684177130
6.134817590245452	8.471073e+01	6.250000e-02	5.164515436979762	0.936290078328831	116.023078851991599	0.146626673546415	0.7644177824
6.197317590245452	8.275748e+01	6.250000e-02	5.202795723477128	0.922043557250564	115.047335570270064	0.140607171762957	0.7604047812
6.259817590245452	8.086871e+01	6.250000e-02	5.241036446177344	0.908019549700652	114.092883399896664	0.134568967670252	0.7563793118
6.322317590245452	7.904159e+01	6.250000e-02	5.279239655991943	0.894212169104691	113.159086849422977	0.128512959131437	0.7523419728
6.384817590245452	7.727321e+01	6.250000e-02	5.317407368189834	0.880615741389817	112.245335280950457	0.122440038116724	0.7482933587
6.447317590245452	7.556148e+01	6.250000e-02	5.355541563561262	0.867224795348301	111.351041705775899	0.116351090498475	0.7442340603
6.509817590245452	7.390453e+01	6.250000e-02	5.393644189533640	0.854034053526368	110.475641649415351	0.110246995851999	0.7401646639
6.572317590245452	7.229947e+01	6.250000e-02	5.431717161241679	0.841038423604888	109.618592081387902	0.104128627262094	0.7360857515
6.634817590245451	7.074419e+01	6.250000e-02	5.469762362554145	0.828232990240992	108.779370405489800	0.097996851135344	0.7319979008
6.697317590245451	6.923670e+01	6.250000e-02	5.507781647059398	0.815613007341893	107.957473506606121	0.091852527018178	0.7279016847
6.759817590245451	6.777182e+01	6.250000e-02	5.545776839011756	0.803173890744218	107.152416850402062	0.085696507420702	0.7237976716
6.822317590245451	6.635483e+01	6.250000e-02	5.583749734240612	0.790911211274048	106.363733632501891	0.079529637646310	0.7196864251
6.884817590245451	6.498033e+01	6.250000e-02	5.621702101024102	0.778820688164587	105.590973974011078	0.073352755627052	0.7155685038
6.947317590245450	6.364648e+01	6.250000e-02	5.659635680929038	0.766898182809973	104.833704160463569	0.067166691764774	0.7114444612
7.009817590245450	6.235212e+01	6.250000e-02	5.697552189618725	0.755139692835212	104.091505921482891	0.060972268778001	0.7073148459
7.072317590245450	6.109551e+01	6.250000e-02	5.735453317630159	0.743541346463598	103.363975748639618	0.054770301554559	0.7031802010
7.134817590245450	5.987489e+01	6.250000e-02	5.773340731122061	0.732099397164192	102.650724249162238	0.048561597009912	0.6990410647
7.197317590245450	5.868932e+01	6.250000e-02	5.811216072595090	0.720810218563142	101.951375533322121	0.042346953951184	0.6948979693
7.259817590245449	5.753753e+01	6.250000e-02	5.849080961585526	0.709670299603662	101.265566633463507	0.036127162946853	0.6907514420
7.322317590245449	5.641806e+01	6.250000e-02	5.886936995333625	0.698676239940509	100.592946952787287	0.029903006202076	0.6866020041
7.384817590245449	5.532968e+01	6.250000e-02	5.924785749427794	0.687824745555699	99.933177742126460	0.023675257439615	0.6824501716
7.447317590245449	5.427168e+01	6.250000e-02	5.962628778425681	0.677112624583064	99.285931603068079	0.017444681786323	0.6782964545
7.509817590245449	5.324251e+01	6.250000e-02	6.000467616453189	0.666536783330045	98.650892015887422	0.011212035665152	0.6741413571
7.572317590245448	5.224135e+01	6.250000e-02	6.038303777782410	0.656094222485861	98.027752890860413	0.004978066692646	0.6699853778
7.634817590245448	5.126715e+01	6.250000e-02	6.076138757389380	0.645782033505850	97.416218141614777	-0.001256486418148	0.6658290091
7.697317590245448	5.031905e+01	6.250000e-02	6.113974031492546	0.635597395162438	96.816001279267297	-0.007490893949374	0.6616727374
7.759817590245448	4.939598e+01	6.250000e-02	6.151811058072773	0.625537570253788	96.226825026175007	-0.013724435264742	0.6575170432
7.822317590245448	4.849702e+01	6.250000e-02	6.189651277375667	0.615599902461690	95.648420948203480	-0.019956398890623	0.6533624007
7.884817590245448	4.762151e+01	6.250000e-02	6.227496112396983	0.605781813350819	95.080529104484725	-0.026186082591930	0.6492092783
7.947317590245447	4.676873e+01	6.250000e-02	6.265346969351809	0.596080799501925	94.522897713701795	-0.032412793442847	0.6450581377
8.009817590245447	4.593764e+01	6.250000e-02	6.303205238128218	0.586494429771983	93.975282835997248	-0.038635847892460	0.6409094347
8.072317590245447	4.512439e+01	6.250000e-02	6.341072292726018	0.577020342674727	93.437448069659098	-0.044854571825359	0.6367636188
8.134817590245447	4.433496e+01	6.250000e-02	6.378949491681223	0.567656243875419	92.909164261788845	-0.051068300617287	0.6326211329
8.197317590245447	4.356540e+01	6.250000e-02	6.416838178476816	0.558399903794010	92.390209232205848	-0.057276379185882	0.6284824139
8.259817590245447	4.281488e+01	6.250000e-02	6.454739681940359	0.549249155311233	91.880367509886824	-0.063478162036614	0.6243478920
8.322317590245447	4.208296e+01	6.250000e-02	6.492655316628995	0.540201891572465	91.379430081281029	-0.069673013303960	0.6202179911
8.384817590245447	4.136882e+01	6.250000e-02	6.530586383202312	0.531256063884487	90.887194149882106	-0.075860306787908	0.6160931288
8.447317590245445	4.067198e+01	6.250000e-02	6.568534168783577	0.522409679700562	90.403462906473209	-0.082039425985866	0.6119737160
8.509817590245445	3.999212e+01	6.250000e-02	6.606499947309782	0.513660800689490	89.928045309496483	-0.088209764120043	0.6078601573
8.572317590245445	3.932841e+01	6.250000e-02	6.644484979870942	0.505007540884566	89.460755875030770	-0.094370724160392	0.6037528506
8.634817590245445	3.868037e+01	6.250000e-02	6.682490515039054	0.496448064908560	89.001414475889874	-0.100521718843185	0.5996521874
8.697317590245445	3.804757e+01	6.250000e-02	6.720517789187122	0.487980586271098	88.549846149383342	-0.106662170685309	0.5955585529
8.759817590245445	3.742955e+01	6.250000e-02	6.758568026798623	0.479603365734970	88.105880913306564	-0.112791511994364	0.5914723253
8.822317590245445	3.682594e+01	6.250000e-02	6.796642440767773	0.471314709748122	87.669353589752362	-0.118909184874634	0.5873938768
8.884817590245445	3.623630e+01	6.250000e-02	6.834742232690935	0.463112968938239	87.240103636358711	-0.125014641229040	0.5833235725
8.947317590245445	3.566006e+01	6.250000e-02	6.872868593149517	0.454996536667008	86.817974984629117	-0.131107342757129	0.5792617715
9.009817590245445	3.509673e+01	6.250000e-02	6.911022701984648	0.446963847641288	86.402815884982104	-0.137186760949212	0.5752088260
9.072317590245444	3.454618e+01	6.250000e-02	6.949205728563956	0.439013376578576	85.994478758205290	-0.143252377076716	0.5711650819
9.134817590245444	3.400806e+01	6.250000e-02	6.987418832040727	0.431143636924284	85.592820053007401	-0.149303682178851	0.5671308785
9.197317590245444	3.348195e+01	6.250000e-02	7.025663161605721	0.423353179618490	85.197700109377877	-0.155340177045669	0.5631065486
9.259817590245444	3.296728e+01	6.250000e-02	7.063939856731914	0.415640591909914	84.808983027479911	-0.161361372197607	0.5590924185
9.322317590245444	3.246379e+01	6.250000e-02	7.102250047412412	0.408004496215018	84.426536541817171	-0.167366787861605	0.5550888081
9.384817590245444	3.197140e+01	6.250000e-02	7.140594854391783	0.400443549020227	84.050231900428116	-0.173355953943871	0.5510960307
9.447317590245444	3.148949e+01	6.250000e-02	7.178975389391050	0.392956439825355	83.679943748875331	-0.179328409999404	0.5471143933
9.509817590245444	3.101722e+01	6.250000e-02	7.217392755326537	0.385541890126439	83.315550018809176	-0.185283705198342	0.5431441965
9.572317590245444	3.055565e+01	6.250000e-02	7.255848046522822	0.378198652436257	82.956931820896571	-0.191221398289230	0.5391857345
9.634817590245444	3.010407e+01	6.250000e-02	7.294342348919971	0.370925509340899	82.603973341916756	-0.197141057559307	0.5352392950
9.697317590245444	2.966186e+01	6.250000e-02	7.332876740275251	0.363721272590849	82.256561745836052	-0.203042260791871	0.5313051595
9.759817590245442	2.922629e+01	6.250000e-02	7.371452290359540	0.356584782225085	81.914587078683155	-0.208924595220840	0.5273836032
9.822317590245442	2.880216e+01	6.250000e-02	7.410070061148569	0.349514905726814	81.577942177055647	-0.214787657482579	0.5234748950
9.884817590245442	2.838679e+01	6.250000e-02	7.448731107009213	0.342510537209493	81.246522580097164	-0.220631053565076	0.5195792976
9.947317590245442	2.797987e+01	6.250000e-02	7.487436474880965	0.335570596631871	80.920226444792306	-0.226454398754563	0.5156970675
10.009817590245442	2.758133e+01	6.250000e-02	7.526187204452766	0.328694029040845	80.598954464434414	-0.232257317579668	0.5118284549
10.072317590245442	2.719061e+01	6.250000e-02	7.564984328335360	0.321879803840976	80.282609790128404	-0.238039443753166	0.5079737042
10.134817590245442	2.680800e+01	6.250000e-02	7.603828872229283	0.315126914089561	79.971097955197493	-0.243800420111433	0.5041330533
10.197317590245442	2.643304e+01	6.250000e-02	7.642721855088669	0.308434375816230	79.664326802369274	-0.249539898551678	0.5003067343
10.259817590245442	2.606534e+01	6.250000e-02	7.681664289280984	0.301801227366058	79.362206413622772	-0.255257539967031	0.4964949734
10.322317590245442	2.570483e+01	6.250000e-02	7.720657180742824	0.295226528765246	79.064649042583270	-0.260953014179576	0.4926979905
10.384817590245440	2.535139e+01	6.250000e-02	7.759701529131918	0.288709361108469	78.771569049358021	-0.266625999871408	0.4889160001
10.447317590245440	2.500480e+01	6.250000e-02	7.798798327975424	0.282248825967014	78.482882837710321	-0.272276184513797	0.4851492103
10.509817590245440	2.466482e+01	6.250000e-02	7.837948564814681	0.275844044816903	78.198508794474662	-0.277903264294524	0.4813978238
10.572317590245440	2.433144e+01	6.250000e-02	7.877153221346487	0.269494158486185	77.918367231120158	-0.283506944043492	0.4776620373
10.634817590245440	2.400426e+01	6.250000e-02	7.916413273561032	0.263198326620676	77.642380327374084	-0.289086937156668	0.4739420419
10.697317590245440	2.368353e+01	6.250000e-02	7.955729691876596	0.256955727167397	77.370472076820803	-0.294642965518441	0.4702380230
10.759817590245440	2.336866e+01	6.250000e-02	7.995103441271091	0.250765555875055	77.102568234396301	-0.300174759422478	0.4665501604
10.822317590245440	2.305977e+01	6.250000e-02	8.034535481410570	0.244627025810877	76.838596265701199	-0.305682057491129	0.4628786283
10.884817590245440	2.275663e+01	6.250000e-02	8.074026766774768	0.238539366893203	76.578485298059476	-0.311164606593492	0.4592235956
10.947317590245440	2.245908e+01	6.250000e-02	8.113578246779793	0.232501825439215	76.322166073252873	-0.316622161762171	0.4555852255
11.009817590245440	2.216699e+01	6.250000e-02	8.153190865898035	0.226513663727232	76.069570901864523	-0.322054486108825	0.4519636759
11.072317590245438	2.188021e+01	6.250000e-02	8.192865563775376	0.220574159573036	75.820633619168305	-0.327461350738563	0.4483590995
11.134817590245438	2.159867e+01	6.250000e-02	8.232603275345802	0.214682605919688	75.575289542502887	-0.332842534663269	0.4447716436
11.197317590245438	2.132213e+01	6.250000e-02	8.272404930943468	0.208838310440335	75.333475430072554	-0.338197824713899	0.4412014502
11.259817590245438	2.105058e+01	6.250000e-02	8.312271456412308	0.203040595153535	75.095129441119639	-0.343527015451851	0.4376486564
11.322317590245438	2.078381e+01	6.250000e-02	8.352203773213258	0.197288796050626	74.860191097415139	-0.348829909079439	0.4341133939
11.384817590245438	2.052194e+01	6.250000e-02	8.392202798529164	0.191582262734716	74.628601246016956	-0.354106315349559	0.4305957898
11.447317590245438	2.026457e+01	6.250000e-02	8.432269445367433	0.185920358070846	74.400302023247690	-0.359356051474597	0.4270959657
11.509817590245438	2.001168e+01	6.250000e-02	8.472404622660511	0.180302457846943	74.175236819844898	-0.364578942034644	0.4236140386
11.572317590245438	1.976321e+01	6.250000e-02	8.512609235364227	0.174727950445165	73.953350247240195	-0.369774818885083	0.4201501207
11.634817590245438	1.951896e+01	6.250000e-02	8.552884184554092	0.169196236523265	73.734588104924228	-0.374943521063599	0.4167043193
11.697317590245436	1.927897e+01	6.250000e-02	8.593230367519579	0.163706728705620	73.518897348857237	-0.380084894696670	0.4132767369
11.759817590245436	1.904303e+01	6.250000e-02	8.633648677856474	0.158258851283575	73.306226060886047	-0.385198792905604	0.4098674714
11.822317590245436	1.881111e+01	6.250000e-02	8.674140005557319	0.152852039924792	73.096523419130364	-0.390285075712165	0.4064766162
11.884817590245435	1.858305e+01	6.250000e-02	8.714705237100041	0.147485741391256	72.889739669302813	-0.395343609943857	0.4031042600
11.947317590245433	1.835901e+01	6.250000e-02	8.755345255534777	0.142159413265674	72.685826096928011	-0.400374269138898	0.3997504872
12.009817590245431	1.813852e+01	6.250000e-02	8.796060940568969	0.136872523685944	72.484735000428643	-0.405376933450953	0.3964153777
12.072317590245429	1.792165e+01	6.250000e-02	8.836853168650775	0.131624551087434	72.286419665046552	-0.410351489553672	0.3930990070
12.134817590245428	1.770560e+01	6.250000e-02	8.877722813050832	0.126414983952793	72.090834337568864	-0.415297830545073	0.3898014463
12.197317590245428	1.749589e+01	6.250000e-02	8.918670743942430	0.121243320569044	71.897934201830481	-0.420215855851826	0.3865227628
12.259817590245426	1.728957e+01	6.250000e-02	8.959697828480127	0.116109068791703	71.707675354964849	-0.425105471133482	0.3832630192
12.322317590245424	1.708662e+01	6.250000e-02	9.000804930876859	0.111011745815693	71.520014784376826	-0.429966588186688	0.3800222745
12.384817590245422	1.688692e+01	6.250000e-02	9.041992912479570	0.105950877952825	71.334910345411814	-0.434799124849444	0.3768005834
12.447317590245421	1.669053e+01	6.250000e-02	9.083262631843427	0.100926000415615	71.152320739696847	-0.439603004905422	0.3735979967
12.509817590245419	1.649724e+01	6.250000e-02	9.124614944804630	0.095936657107246	70.972205494130137	-0.444378157988410	0.3704145613
12.572317590245419	1.630700e+01	6.250000e-02	9.166050704551877	0.090982400417443	70.794524940496288	-0.449124519486910	0.3672503203
12.634817590245417	1.611975e+01	6.250000e-02	9.207570761696497	0.086062791024101	70.619240195685833	-0.453842030448931	0.3641053130
12.697317590245415	1.593539e+01	6.250000e-02	9.249175964341314	0.081177397700440	70.446313142498042	-0.458530637487013	0.3609795750
12.759817590245413	1.575405e+01	6.250000e-02	9.290867158148249	0.076325797127540	70.275706411007022	-0.463190292683516	0.3578731382
12.822317590245412	1.557547e+01	6.250000e-02	9.332645186404713	0.071507573712055	70.107383360471943	-0.467820953496222	0.3547860310
12.884817590245410	1.539967e+01	6.250000e-02	9.374510890088803	0.066722319408951	69.941308061772872	-0.472422582664265	0.3517182782
12.947317590245410	1.522660e+01	6.250000e-02	9.416465107933355	0.061969633549114	69.777445280354456	-0.476995148114431	0.3486699013
13.009817590245408	1.505614e+01	6.250000e-02	9.458508676488862	0.057249122671646	69.615760459660351	-0.481538622867866	0.3456409181
13.072317590245406	1.488837e+01	6.250000e-02	9.500642430185298	0.052560400360733	69.456219705042002	-0.486052984947210	0.3426313434
13.134817590245405	1.472310e+01	6.250000e-02	9.542867201392880	0.047903087086908	69.298789768125971	-0.490538217284194	0.3396411885
13.197317590245403	1.456027e+01	6.250000e-02	9.585183820481777	0.043276810052598	69.143438031624498	-0.494994307627725	0.3366704616
13.259817590245401	1.439996e+01	6.250000e-02	9.627593115880813	0.038681203041796	68.990132494574837	-0.499421248452490	0.3337191677
13.322317590245401	1.424199e+01	6.250000e-02	9.670095914135176	0.034115906273751	68.838841757993222	-0.503819036868100	0.3307873088
13.384817590245399	1.408643e+01	6.250000e-02	9.712693039963167	0.029580566260532	68.689535010929731	-0.508187674528802	0.3278748836
13.447317590245397	1.393309e+01	6.250000e-02	9.755385316312001	0.025074835668354	68.542182016911312	-0.512527167543781	0.3249818883
13.509817590245396	1.378203e+01	6.250000e-02	9.798173564412702	0.020598373182563	68.396753100760179	-0.516837526388079	0.3221083157
13.572317590245394	1.363317e+01	6.250000e-02	9.841058603834092	0.016150843376137	68.253219135775453	-0.521118765814152	0.3192541561
13.634817590245392	1.348653e+01	6.250000e-02	9.884041252535921	0.011731916581624	68.111551531266599	-0.525370904764072	0.3164193968
13.697317590245392	1.334202e+01	6.250000e-02	9.927122326921131	0.007341268766401	67.971722220427154	-0.529593966282426	0.3136040225
13.759817590245390	1.319955e+01	6.250000e-02	9.970302641887303	0.002978581411153	67.833703648538190	-0.533787977429890	0.3108080150
13.822317590245389	1.305908e+01	6.250000e-02	10.013583010877293	-0.001356458608526	67.697468761490768	-0.537952969197537	0.3080313539
